1.132170180987830399e-01
1.099361850601959789e-01
1.086950144700579157e-01
1.061257142826840250e-01
1.082818909980474142e-01
1.112504605986031070e-01
1.140798138769997250e-01
1.192845538020097518e-01
1.248161776986688176e-01
1.300070177111872782e-01
1.284962294188815024e-01
1.292951278510370283e-01
1.340606783381169675e-01
1.332628513185654118e-01
1.319271079503294697e-01
1.290533378275309229e-01
1.258893041236190946e-01
1.226674082206973271e-01
1.198322659548730629e-01
1.186630620671492720e-01
1.136437007663335663e-01
1.111661330450212093e-01
1.095373836494715203e-01
1.090474451588605564e-01
1.083310308689530155e-01
1.101793500644997481e-01
1.099455114724411375e-01
1.110082073982610051e-01
1.113874324265561322e-01
1.123269502145450849e-01
1.125988094423425734e-01
1.185401974312177975e-01
1.254174849158904426e-01
1.277500685897076105e-01
1.270950436988649290e-01
1.268711240509623472e-01
1.241680177238179139e-01
1.239775380861115606e-01
1.138601874041749173e-01
1.104803752874810030e-01
1.080788846214515431e-01
1.053735735916628835e-01
1.036825410844771644e-01
1.063768979452811569e-01
1.054538851791898546e-01
1.074828752480270211e-01
1.079300376622841506e-01
1.083520510137653270e-01
1.078891106430243108e-01
1.083661212737826451e-01
1.115512799758097140e-01
1.132974363564951403e-01
1.169838459156303800e-01
1.215390393325083140e-01
1.252424355158817670e-01
1.255864541419321467e-01
1.242733026047911915e-01
1.216387900361697305e-01
1.201242773074814307e-01
1.143501652383338563e-01
1.121558477085755623e-01
1.102523127336035857e-01
1.067561508731905695e-01
1.044137357943638600e-01
1.022750260423312962e-01
1.028122857653286371e-01
1.038966215636674129e-01
1.043603047731542777e-01
1.041165947614234311e-01
1.079379597762424314e-01
1.095716858453658071e-01
1.113857164782786624e-01
1.177828547671415649e-01
1.211337562873702201e-01
1.185134360099890927e-01
1.217627230516716841e-01
1.221084685839172179e-01
1.210351847055859409e-01
1.178314070944120884e-01
1.163629669255387133e-01
1.129822602125147846e-01
1.107573364316576381e-01
1.038058142414385321e-01
1.053230932520647922e-01
1.056107409407771591e-01
1.043200314934190631e-01
1.049826770743896853e-01
1.056809073545157407e-01
1.058164607175310357e-01
1.057771940063487737e-01
1.064046351162599713e-01
1.072839464757754380e-01
1.096869754510967354e-01
1.120349754729369485e-01
1.145934521827921548e-01
1.156197848367384040e-01
1.159127713472216659e-01
1.153312098564855948e-01
1.137830109360372655e-01
1.116197433227483771e-01
1.093598981567482920e-01
1.076758567870972350e-01
1.063364087080478360e-01
1.056721970448805115e-01
1.053420283831808524e-01
1.051053019265453248e-01
1.050071614627630101e-01
1.049075542943835870e-01
1.047435503000160306e-01
1.048311058177440191e-01
1.093477410954075690e-01
1.084480703631828247e-01
1.071076280673185499e-01
1.093454988156001839e-01
1.117945579112575860e-01
1.141011179312970691e-01
1.177526661688693688e-01
1.135436052591894951e-01
1.124442447348711349e-01
1.107180610962348322e-01
1.097827773398649676e-01
1.082794965800072395e-01
1.062612903258641772e-01
1.471860021678393915e-01
1.064376584512449764e-01
1.063837374407322622e-01
1.071265360087602092e-01
1.074438300072214636e-01
1.078638980642115941e-01
1.082492626539874880e-01
1.076651410649381857e-01
1.083020144352460079e-01
1.087893877833148171e-01
1.089704568139004959e-01
1.105316372332628694e-01
1.117566632820266026e-01
1.123638130729814888e-01
1.127218239328524607e-01
1.122529090924120343e-01
1.122472908175935480e-01
1.107975255135938975e-01
1.074854070498784120e-01
1.069680219336558435e-01
1.048655485767694406e-01
1.060442003746971951e-01
1.068782067756952614e-01
1.062916582163149215e-01
1.056774983344174190e-01
1.068451114726808315e-01
1.063012658895403639e-01
1.072549115276479892e-01
1.078124326284821688e-01
1.068543783637144751e-01
1.081489155697231697e-01
1.080706060897643761e-01
1.120222385623984573e-01
1.122520568766245397e-01
1.134510963948019979e-01
1.126938143318065855e-01
1.114506450567440687e-01
1.110517680885008129e-01
1.096704987869259185e-01
1.065911142839477410e-01
1.063227729255574738e-01
1.053363016564065058e-01
1.058843493555235993e-01
1.047334758309278469e-01
1.060461687922851226e-01
1.054359696301441218e-01
1.063243500377690776e-01
1.051512748985312662e-01
1.063291490748302648e-01
1.051133748777092203e-01
1.072575762446594805e-01
1.090092297136224797e-01
1.086086791824716347e-01
1.106082003787021151e-01
1.097534956613107626e-01
1.102368015415748914e-01
1.165588417726580728e-01
1.094314734806306477e-01
1.079038928934256125e-01
1.090090808112476051e-01
1.056879707766176235e-01
1.068047691594976589e-01
1.047119959123394839e-01
1.048238488118756750e-01
1.053470655836475922e-01
1.055187334383422826e-01
1.055782473745980887e-01
1.059188771485461977e-01
1.052376895259791167e-01
1.059930854263991806e-01
1.070608474025095402e-01
1.064850564694618251e-01
1.096333093779300327e-01
1.090933817311513510e-01
1.088192934221350328e-01
1.095411922285836059e-01
1.096777042646853717e-01
1.095680134288148366e-01
1.090934189639449770e-01
1.093852617476971378e-01
1.083882892915170038e-01
1.077032937106865429e-01
1.081307070681285509e-01
1.062779198503467359e-01
1.070192094564690333e-01
1.070613536806465094e-01
1.066750550636358374e-01
1.066055177508727914e-01
1.063882465255662213e-01
1.071369703089624092e-01
1.072639887477903065e-01
1.072927059663065785e-01
1.077579667041770328e-01
1.082206909564833452e-01
1.095841384828868392e-01
1.092319219160606814e-01
1.092669394811210948e-01
1.089315099137482257e-01
1.089199373671768667e-01
1.100606994391647442e-01
1.057557904580077590e-01
1.068139422482878853e-01
1.068331961476447489e-01
1.063065821515852827e-01
1.052629255571201350e-01
1.062970044580650031e-01
1.059767454069827641e-01
1.058526239781517608e-01
1.060818275518603526e-01
1.052071932147984334e-01
1.046322811497575334e-01
1.067146033429978713e-01
1.074250479507091738e-01
1.059518271961458202e-01
1.084984872422525282e-01
1.096497410819369245e-01
1.086817599479344976e-01
1.091788737934408227e-01
1.084237360610105227e-01
1.070985147466125831e-01
1.087160500637991412e-01
1.069519964854493965e-01
1.046902797492859083e-01
1.076885887036455047e-01
1.059282056500094882e-01
1.047758523971162870e-01
1.054147073416155100e-01
