1.136807927748264557e-01
1.119686659357370662e-01
1.098714932328711535e-01
1.081409564746813601e-01
1.098491705015240960e-01
1.125540047079086614e-01
1.161433701192420287e-01
1.198088851756998752e-01
1.262650312036286415e-01
1.337721824153830230e-01
1.322600381478544751e-01
1.320659955608616265e-01
1.337913733754427792e-01
1.337761489897530964e-01
1.321371108941684636e-01
1.298490012760575851e-01
1.274408574935395055e-01
1.243882418992040551e-01
1.225281375410108842e-01
1.205782740030485467e-01
1.181831151028980287e-01
1.147816698294964466e-01
1.123955757116246179e-01
1.111035882744374481e-01
1.135408547043686989e-01
1.145412133290788503e-01
1.149881502158838220e-01
1.170896470571858305e-01
1.157027873682047181e-01
1.146000216108951086e-01
1.172536031895885511e-01
1.210702921022899226e-01
1.271448958198915236e-01
1.302453569926693699e-01
1.294720159455073905e-01
1.287713981024263266e-01
1.264561475663987800e-01
1.247205576341576805e-01
1.163774777812313088e-01
1.140670527431860704e-01
1.109282504856236029e-01
1.089651248272133222e-01
1.093477754366555255e-01
1.108097313692735231e-01
1.107837986097800487e-01
1.124296571315376303e-01
1.133112462777793317e-01
1.130503458963522112e-01
1.133945313925823761e-01
1.135952954668899562e-01
1.131243011914264684e-01
1.160441793766661123e-01
1.180912605893165157e-01
1.245275305344262229e-01
1.263686161170775035e-01
1.274700535625948872e-01
1.261066398843302405e-01
1.235415637754077034e-01
1.213181182301866778e-01
1.158073839971254237e-01
1.120194700471904836e-01
1.112258330697948328e-01
1.073294786828739023e-01
1.059431302049868018e-01
1.058932231786785527e-01
1.063342756089096230e-01
1.067830421599365032e-01
1.080401050287685960e-01
1.088472442855368261e-01
1.094918181698519843e-01
1.127631979033537624e-01
1.152231109541422827e-01
1.183908837254245006e-01
1.224149380564967249e-01
1.198089317226632700e-01
1.237125838765424923e-01
1.237409846289193593e-01
1.219930353214836449e-01
1.195492750289604000e-01
1.180114579438520384e-01
1.130606738076386231e-01
1.125896002845555577e-01
1.099572769054569799e-01
1.094336442190512182e-01
1.089324126159468831e-01
1.091677875374658102e-01
1.097721440754076960e-01
1.106579046663029864e-01
1.112664322934253658e-01
1.092931161073424917e-01
1.110610836706037441e-01
1.128968998930307555e-01
1.111152078531927323e-01
1.137757229883569199e-01
1.176877376623414184e-01
1.167139051140834161e-01
1.177913796773342181e-01
1.168954522152336750e-01
1.162084041279539681e-01
1.146644646066995454e-01
1.131165289264824958e-01
1.120224659858715111e-01
1.110019840316190942e-01
1.101707128114461920e-01
1.098737184445378601e-01
1.094528211391962991e-01
1.095547913888093028e-01
1.095469704444481662e-01
1.093398415979925931e-01
1.097098758843069177e-01
1.132190723906734142e-01
1.143323327792522548e-01
1.130165925520655312e-01
1.124429131734625553e-01
1.155919184042520920e-01
1.161026836163545628e-01
1.148393443771753564e-01
1.160481925381051660e-01
1.148305410430854323e-01
1.147797452988796874e-01
1.129040529629529166e-01
1.104366718758890142e-01
1.125427491070463137e-01
1.427085141931069279e-01
1.093717440561547960e-01
1.115213045906190414e-01
1.125693623299250934e-01
1.121199677697992669e-01
1.126952609723490539e-01
1.119665458279766046e-01
1.114991598103278747e-01
1.131508740744773256e-01
1.135660448732078720e-01
1.115133070312797070e-01
1.135582023654808648e-01
1.159508948799667927e-01
1.144377533815517101e-01
1.151238560391574239e-01
1.148903863865186059e-01
1.133252948138832039e-01
1.132895739665920054e-01
1.114298450533411922e-01
1.090634380405546278e-01
1.082628513945167459e-01
1.073520397629733614e-01
1.088793123648720274e-01
1.089289805780742082e-01
1.093334147641271681e-01
1.100005065394421555e-01
1.093273826531047099e-01
1.101904008205211172e-01
1.103172027801857524e-01
1.107196160852783606e-01
1.100631935896670965e-01
1.111757365449033141e-01
1.138208246016201297e-01
1.139726801715802429e-01
1.141251676963398465e-01
1.139470351035372087e-01
1.131104543798873152e-01
1.132241437584534660e-01
1.117891339012381247e-01
1.104412040200142275e-01
1.086641863991855139e-01
1.086627620484540424e-01
1.074617772854130626e-01
1.089082235049436687e-01
1.090331586253704410e-01
1.103542653528726269e-01
1.108107838995712191e-01
1.104983027486665659e-01
1.122480239560323945e-01
1.097265811658816315e-01
1.116221917538300357e-01
1.107171802829451934e-01
1.121298485277023582e-01
1.135980408117882590e-01
1.131393050514908349e-01
1.132724741320983997e-01
1.195667116545129360e-01
1.121424801757757717e-01
1.111963540110405546e-01
1.113554428717347111e-01
1.106402948557443366e-01
1.119622323089751736e-01
1.096613190687071304e-01
1.109976192320406563e-01
1.094185089640636876e-01
1.103282120571760228e-01
1.104623008963452335e-01
1.113148940543142729e-01
1.095007954307767317e-01
1.132240378885589482e-01
1.115642100523863700e-01
1.116218252152615387e-01
1.123910365121245647e-01
1.135523034187276847e-01
1.124104032856564350e-01
1.131054093235178692e-01
1.128473963529998958e-01
1.126488115359544073e-01
1.117623496954244233e-01
1.114436500339015534e-01
1.116073472305627590e-01
1.102844968751238719e-01
1.111973061419260222e-01
1.095464174789174683e-01
1.104895518110978747e-01
1.115718560246946600e-01
1.111919089683490736e-01
1.116922720243834766e-01
1.107107984276362034e-01
1.131421992504113572e-01
1.109037155827914400e-01
1.099937836631743604e-01
1.136853414625856873e-01
1.110134203939658892e-01
1.115008307632006090e-01
1.133817266144024893e-01
1.124842717211136378e-01
1.124122503889162239e-01
1.111275011701915449e-01
1.157666992572519149e-01
1.109408081194227513e-01
1.095842157557387342e-01
1.118245087676608129e-01
1.095053077300214284e-01
1.097277281216635370e-01
1.104376979766025224e-01
1.100655098568109613e-01
1.103627862512821523e-01
1.106182899145259357e-01
1.093196663370290533e-01
1.107920790223108076e-01
1.118465806687581887e-01
1.114486194655732731e-01
1.112953294194573006e-01
1.128289428680449014e-01
1.125525499661962359e-01
1.121877110539167832e-01
1.121608371732261134e-01
1.115685265195128784e-01
1.109829644864335219e-01
1.113307486777459498e-01
1.092039788062836303e-01
1.096802489884893816e-01
1.103735973293988870e-01
1.111862127415852441e-01
1.096508398096507353e-01
1.099908478081832452e-01
