1.932059029905780489e-01
1.943014686358532916e-01
1.965721225175053322e-01
1.978592539055000765e-01
2.000496647719300913e-01
2.017431845417616554e-01
2.026875813466375575e-01
2.036420638283380491e-01
2.035933920473074199e-01
2.046521072623574966e-01
2.041617787872098688e-01
2.024975070501466856e-01
2.018154423417281018e-01
1.972516535012706074e-01
1.932197512735013278e-01
1.889471402190437965e-01
1.852387011436480435e-01
1.817324148597913025e-01
1.801412256980980953e-01
1.795809909309836749e-01
1.788589302647970447e-01
1.770810678533489835e-01
1.710573749294530543e-01
1.639947358478286432e-01
1.611442883363213285e-01
1.528576545149150645e-01
1.523842052276651593e-01
1.493659844925967484e-01
1.405921951220399091e-01
1.268639754221785321e-01
1.164317362596848371e-01
1.109749143671988625e-01
1.113146957841583129e-01
1.071246822933148435e-01
9.701711541760837942e-02
9.031772465306853181e-02
9.039856926648293101e-02
8.588081220870635857e-02
6.903985762552300454e-02
5.515912879601725383e-02
6.457811522770340318e-02
5.975029192441372317e-02
5.233813531987285828e-02
5.206520722105068000e-02
5.807651131955315904e-02
4.442998649596152649e-02
2.942615173701901288e-02
3.599105244659084324e-02
3.976649940893250967e-02
3.655414300482762169e-02
5.006778734512840057e-02
4.610482407203464472e-02
2.955842599099400836e-02
3.866978440022161845e-02
3.991002751000183313e-02
4.164837601840376546e-02
5.771902459130207053e-02
4.109485192523676389e-02
3.371650366365852580e-02
4.664354444069762629e-02
4.006772879588638148e-02
5.385219529447149434e-02
3.675483892432873656e-02
4.340946331817818749e-02
4.111844294305011527e-02
3.975462127437201509e-02
4.215179571951932491e-02
2.872826731390931698e-02
8.323239360337508774e-02
3.835477921139063273e-02
5.182847260566514347e-02
3.082706751788433230e-02
5.948515922139829826e-02
5.470411335123370744e-02
6.649735328837802495e-02
3.826018977979450675e-02
6.513652535053970904e-02
6.117091905765847937e-02
6.297159153152909195e-02
3.390178362319773431e-02
4.968427889759319260e-02
5.535657719721620573e-02
3.526137263721818016e-02
4.991983718079395782e-02
3.476057611285821025e-02
5.589072171517173171e-02
3.460342647033143315e-02
4.805937173853114253e-02
6.543160712239082244e-02
5.008140398671556692e-02
7.727844075962309045e-02
6.962108151572687920e-02
5.605110252023726147e-02
7.967790264202190276e-02
5.504627651746862860e-02
3.271347833075399780e-02
5.664978836779799298e-02
3.926653339574048829e-02
1.551233887634873021e-02
4.888922495053271700e-02
4.535556576938060136e-02
1.437802861489234640e-02
4.629463295344482532e-02
5.318782731260807140e-02
2.247120338178654197e-02
4.493226886793344477e-02
6.750643593482985594e-02
6.617116950264390063e-02
6.826739127032310783e-02
8.254836088210981693e-02
1.121261504727273373e-01
9.951773046776479781e-02
8.491821991030878980e-02
8.032747645306537176e-02
6.307257346049188751e-02
8.679495835921657854e-02
6.126426512593952101e-02
3.968398743658096972e-02
5.563118443263836976e-02
4.029192105867063223e-02
7.359487056983926578e-02
7.957839975733971283e-02
7.802849494083663462e-02
7.996703588343290203e-02
6.979539028616033036e-02
7.471735037326676654e-02
5.702146960030296530e-02
6.041686542800295268e-02
4.524183666281367255e-02
6.948436898908127990e-02
4.105672398952897595e-02
6.096310232610246960e-02
3.771144068025567009e-02
3.824853709014608416e-02
4.022336965188388902e-02
2.996240720844556282e-02
4.461873986296693850e-02
4.357173726864183028e-02
6.507137008062324757e-02
9.958641635101339595e-02
1.266984211775395996e-01
1.751050325391338980e-01
1.668099063830005280e-01
1.542452995985645892e-01
1.006065964582317784e-01
6.151838140554766188e-02
3.480590775332437214e-02
3.381646949174155203e-02
5.236888818807428070e-02
6.018823611230372794e-02
6.018499590106041186e-02
5.495445460903458645e-02
5.088147250132524224e-02
6.267864874656969842e-02
6.269946093285472255e-02
6.873412625210828519e-02
6.268398689692566972e-02
5.336904989714663650e-02
6.722695456115701518e-02
5.493550513315537120e-02
6.252690036983410415e-02
5.964998878947358474e-02
8.520856887049954587e-02
9.511301100925928509e-02
6.822398247433325569e-02
6.121241069913530009e-02
2.743212827939678355e-02
7.618338786921452499e-02
8.456577825073641197e-02
8.966764933405324545e-02
6.643540362496369589e-02
2.978977417031070107e-02
5.762900658303760082e-02
8.699934434521860993e-02
9.811643268297653986e-02
9.484524540705008278e-02
8.847706391326670694e-02
9.330447406879005534e-02
1.154827844223172972e-01
3.559004792649511639e-02
5.114052879166874899e-02
6.554661263086913880e-02
5.912239590128420819e-02
3.421581959774011583e-02
5.970807253746113208e-02
8.118946939359994452e-02
6.853420128223708385e-02
1.060644812458854114e-01
9.878566712543024320e-02
8.609317311495845448e-02
6.566851539763152168e-02
6.904697681361160466e-02
4.767481074849089229e-02
6.400166344788016382e-02
9.718454524391140215e-02
4.694504084380457520e-02
9.878780787159469057e-02
6.493480827293740543e-02
2.112475393199464424e-02
8.825782320344754961e-02
3.485730610253978679e-02
6.505979160199548694e-02
4.697522394148823111e-02
5.395928652559278671e-02
7.578989339073072262e-02
4.312568919994785865e-02
9.672390874656577875e-02
1.165541808960137704e-01
1.464204722182436136e-01
7.352512955479129086e-02
2.866233738906042161e-01
5.814357862230912222e-02
9.771314384947316078e-02
5.971843825330136468e-02
6.883575214738568704e-02
6.282211190125941425e-02
1.202260537300856580e-01
3.093726551244790901e-02
8.039696391082706839e-02
7.680484534230869187e-02
8.623026951054979516e-02
7.345702371099382955e-02
7.353636784211747823e-02
1.321017340943237972e-01
9.313811141352823508e-02
1.132978752642066489e-01
5.144432123202213880e-02
6.342725077851363302e-02
9.398275233386099714e-02
3.735664036478691941e-02
1.026173902823999118e-01
1.219333433784738352e-01
8.118733585540538478e-02
9.040696961227390194e-02
5.771709974346073135e-02
5.681166006512661237e-02
9.223047460882227710e-02
6.855972714290559100e-02
8.383992233201675859e-02
1.258479609574845171e-01
7.526569022993301328e-02
2.826657267105359139e-02
7.444966208773851069e-02
8.689218364560225005e-02
3.601757215286949254e-02
5.213768112179706371e-02
1.179141927755613661e-01
1.037345098158776180e-01
3.518908825157995857e-02
3.504433919386107377e-02
