1.761605557356376028e-01
1.759848956840628365e-01
1.758551118662784463e-01
1.756152525994461033e-01
1.752399061798939339e-01
1.745338017031611288e-01
1.754096992015224954e-01
1.742185899593651222e-01
1.720612211505638811e-01
1.707293301153930409e-01
1.691082712072801142e-01
1.671467118754660364e-01
1.647877894730848114e-01
1.619862604690346375e-01
1.587290461589364599e-01
1.550774325823790489e-01
1.510782476743758318e-01
1.469165316653391340e-01
1.427729474723332670e-01
1.388245184134312415e-01
1.351974944611068485e-01
1.318781806915341193e-01
1.285950250221166158e-01
1.251484348806951585e-01
1.211223482579237842e-01
1.161427481559477171e-01
1.105929689597980881e-01
1.045557124758330625e-01
9.877784849564319458e-02
9.392258116151308567e-02
9.546990194055682277e-02
8.718480703782172103e-02
8.392734013793112791e-02
7.953302245317617203e-02
7.376088673273650809e-02
6.750792356804857786e-02
6.253975509059694904e-02
5.906853019162616736e-02
5.762814212107703060e-02
5.613884987057349285e-02
5.275575887703765066e-02
4.742279430349161107e-02
4.208536681810726154e-02
3.906491305587378449e-02
3.861213814197173022e-02
3.820115585128303071e-02
3.506932533886553127e-02
2.988843756576786692e-02
2.632575144256843469e-02
2.697473098138081227e-02
2.961135290481586857e-02
2.944795463624105825e-02
2.525483543626338978e-02
2.138209202286234234e-02
2.148463982836468222e-02
2.265665679882378214e-02
1.927847879590838254e-02
1.265875027945984055e-02
3.536833905121750110e-02
1.389497292832153619e-02
1.638591318861404300e-02
1.175930703904415342e-02
1.015552619889370511e-02
1.283800450957794936e-02
1.418951361662112998e-02
7.962748605529146317e-03
2.636374201654745342e-03
6.651723033720635669e-03
2.006262950767090381e-02
9.635943453830453365e-03
1.003554773482073781e-02
1.719918501310280234e-02
1.791107775103184530e-02
1.052877283011244280e-02
1.103957688339651799e-02
1.729750891250758649e-02
1.498122193948447922e-02
1.490112076297112065e-02
2.121958725641726051e-02
2.024011866704811258e-02
1.084222726666894676e-02
1.238887077350703247e-02
1.384816869142746487e-02
5.700139669398751607e-03
9.268299730953666327e-03
1.551032554898834626e-02
8.629013132954610477e-03
1.123525811146519615e-02
1.834855700206206031e-02
1.170052205658600464e-02
1.619504331667509511e-02
2.383828689024969361e-02
1.791799535918203734e-02
2.578711257035382065e-02
3.069888083966398895e-02
2.175682854870419902e-02
2.685745663559391261e-02
2.116160650646659036e-02
1.411921677282990117e-02
2.442999860407057966e-02
1.694034077161932217e-02
1.719991510014595715e-02
1.795623020753389643e-02
6.820449701890551886e-03
2.364038928028244779e-02
2.355591165259118824e-02
3.039753563032521200e-02
3.792698707498809441e-02
2.713014625178611361e-02
4.034817088959330444e-02
3.758730610998584076e-02
4.425992136178458214e-02
4.220562438726138677e-02
2.711109693294300182e-02
3.185413437598849651e-02
1.940946563815593162e-02
3.172741170483017736e-02
2.189118996965178088e-02
2.716595292254186944e-02
2.818893448303627647e-02
3.387832040301164138e-02
4.796835470884275310e-02
4.786980844448673889e-02
6.316550526566266921e-02
5.247903120676988831e-02
6.289410676501172581e-02
4.745086085890837246e-02
5.796823263606620813e-02
3.784417147023788619e-02
3.865413761485247957e-02
1.724564575095210994e-02
3.066106701311666072e-02
2.290103321190328778e-02
3.474381852712560281e-02
2.113781594308661305e-02
4.290279147138942317e-02
4.398326868161683834e-02
6.342755087671703151e-02
4.639701549602948116e-02
9.427600674725833407e-02
5.401027785444023621e-02
6.806428360864247296e-02
4.604744756217071799e-02
5.168165659943313450e-02
4.182093839415135239e-02
4.551934506067312203e-02
3.713683455748173490e-02
2.716837645828673597e-02
3.044127189922096743e-02
1.624792854340917359e-02
3.016832661243407099e-02
9.591955063116830438e-03
1.942782443015689253e-02
1.633862335771285590e-02
2.694415671402194956e-02
3.225275488020595827e-02
1.858023521739671224e-02
4.651567928630861992e-02
3.776986236513846240e-02
3.680753417461268828e-02
3.299772167475323315e-02
2.809363308601597886e-02
3.943062689855414416e-02
1.204851515672489271e-02
1.951497873653018633e-02
3.069357719217802316e-02
1.290394339513889488e-02
2.684017629781298986e-02
2.295271910518803526e-02
2.111005827235690191e-02
3.459583201421012610e-02
1.431986275166197142e-02
1.850645717445043026e-02
3.361358578054640667e-02
1.219157757847866286e-02
1.656487562439878936e-02
3.283864851016871089e-02
1.927539744426853829e-02
2.002013647456357681e-02
3.024036897362547549e-02
2.151511169791930911e-02
2.085989505454644011e-02
2.732484828001457977e-02
2.194465226645070377e-02
2.465200921381316412e-02
3.366010837632216202e-02
2.665729451433318520e-02
2.590906268152715075e-02
3.699682861054898186e-02
2.790698276428560387e-02
2.036388460854077209e-02
3.391551739609255378e-02
3.344974684177270952e-02
2.613197473777373325e-02
3.227353545250033484e-02
3.754810371937067348e-02
3.945286898609157156e-02
2.807102963440000210e-02
2.178327442908989386e-02
4.236967494319177074e-02
3.402566052832101118e-02
9.405789772005901384e-03
2.952527108403102396e-02
4.399109781155541299e-02
2.516230655534479332e-02
1.601714634290296591e-02
2.621312988252244569e-02
3.457540723090746226e-02
2.741554670891177548e-02
1.945765826581535851e-02
1.351852079721987954e-01
4.412094847768788242e-02
4.696991554521723344e-02
3.020835228511464798e-02
2.032922493949973486e-02
3.671092701090805654e-02
3.549443121143369684e-02
5.120660683483957420e-02
4.628382463106062161e-02
2.521514417760695181e-02
3.891142246499246227e-02
5.205070408615686262e-02
5.720563986652316135e-02
5.700882422677189254e-02
4.086945109801753961e-02
1.812010386640783288e-02
2.539004378066367362e-02
3.215629492917926324e-02
3.205672603934484055e-02
4.767495377105501753e-02
2.324612037799200781e-02
1.828547947168002175e-02
2.045948473675140988e-02
1.189623456449984129e-02
3.638422278431563406e-02
3.898072977775113301e-02
3.886976950675180564e-02
3.980850506467537020e-02
2.430368473074573377e-02
1.413388816653093905e-02
2.070855292861994990e-02
1.101966498042683540e-02
2.969057603112890131e-02
3.682892306898866153e-02
3.406992724460489175e-02
5.360758883208904813e-02
3.154219695964655124e-02
4.212502302946463661e-02
2.789907928419699257e-02
1.898535160649217346e-02
