2.081418312461313924e-01
2.077420229582555011e-01
2.141006851972060421e-01
2.213493495848848358e-01
2.243766979437922249e-01
2.250130453634441308e-01
2.233835825371359718e-01
2.240321216494809420e-01
2.225203267875837110e-01
2.178974320641529072e-01
2.140026329469776334e-01
2.131908948790967040e-01
2.086609228748512734e-01
2.131712025879420880e-01
2.085938627798984424e-01
2.111229347841194759e-01
2.061656813882679629e-01
2.007215878270657283e-01
1.943732686326535841e-01
1.897114913105704126e-01
1.893894045868053100e-01
1.951040698191661704e-01
1.924438022986036945e-01
1.845229008828047634e-01
1.707084539742590445e-01
1.591633159892879013e-01
1.539701429323462323e-01
1.532462827257413673e-01
1.471832797568318751e-01
1.350007403048345545e-01
1.485718390334574979e-01
1.389126754022510513e-01
1.231965357587644361e-01
1.034706347537073245e-01
1.013508375726174249e-01
9.925092019350989503e-02
8.926768341040702825e-02
9.609960439592046821e-02
9.795873318013448294e-02
7.313417155307699868e-02
6.596950610488250266e-02
6.555147508273473367e-02
5.747770312916500313e-02
7.642504718100973093e-02
6.394066447711577172e-02
4.665329623129044201e-02
4.896969466061740217e-02
4.071147472078695539e-02
6.034135197556123043e-02
5.095130689680915648e-02
4.182036400195920933e-02
4.547960075099843902e-02
4.568472377807397677e-02
5.981948176590135002e-02
4.126732674298116965e-02
5.491814019709440053e-02
4.687323214667138416e-02
6.065387247221010192e-02
3.950817306690923569e-02
7.169213337969204680e-02
5.372323677333323833e-02
4.960372924968570185e-02
4.538695740177711713e-02
5.126817805219685553e-02
5.772804558658939378e-02
2.600302016616562462e-02
5.151851184800582129e-02
5.139895018718587671e-02
4.789470548965901742e-02
6.081407989601939068e-02
5.058734883400328730e-02
5.358693263877878366e-02
5.184518059798193246e-02
5.600836102713080411e-02
6.543806020589204575e-02
6.313305471379382361e-02
5.756935007174235341e-02
5.381872508763085872e-02
6.725808215717321570e-02
5.080145013775461127e-02
3.851568714214548272e-02
5.861408629726472252e-02
4.765792556296000182e-02
3.472034249964650598e-02
4.315960816725150639e-02
3.559561484690643152e-02
6.280337620604836690e-02
5.287079205381206570e-02
3.949659542051386918e-02
6.422875484245793576e-02
6.097257637486797055e-02
8.249779963401326910e-02
7.866449833643973655e-02
6.479386795214769901e-02
5.074955765290323217e-02
4.016818229588570155e-02
3.255697443720273476e-02
3.472475227417326504e-02
4.347734298979666345e-02
3.599298622202684594e-02
5.678166752811597551e-02
3.362685107019336428e-02
5.424688248302111937e-02
3.118961503461692431e-02
6.417663828933117820e-02
3.362771146008358691e-02
5.274913360808708429e-02
6.099648099818610891e-02
7.309912704881038614e-02
8.017807561729894950e-02
9.126030786582484122e-02
8.810162808319466077e-02
9.671607135075732664e-02
8.061485988921879287e-02
8.521144871160557521e-02
6.637906978020491344e-02
7.072288450565988871e-02
5.862128033225089130e-02
5.673720525662728775e-02
4.768626430203937172e-02
4.327609167616797148e-02
4.676388812323339916e-02
6.500708979512548336e-02
7.564392703550448793e-02
1.013650448832873474e-01
8.242539858399711150e-02
6.763882008112409583e-02
2.304734585952550319e-02
3.460078200909666446e-02
4.109562473296679563e-02
4.715950701995053063e-02
3.424517050060027490e-02
2.603638058957080670e-02
2.879140556555215280e-02
5.421605263610962400e-02
3.906498721962015086e-02
2.626296318518739348e-02
6.851657604048766448e-02
8.146131053801264343e-02
3.207762699052817412e-01
1.427515587705977529e-01
1.564804933258823194e-01
1.748404745215033085e-01
1.564736216164498428e-01
1.403629364032504823e-01
6.075572689390917880e-02
4.794122690564250888e-02
6.091335445063406073e-02
4.520340226578589693e-02
7.293793750263788400e-02
5.437771921201051128e-02
3.531752144795263781e-02
4.544022384911794443e-02
2.266392917635540183e-02
6.082778755211049049e-02
2.589918198283336359e-02
3.766294963151783914e-02
5.090906575747300433e-02
5.780477563081398706e-02
6.721894811536799352e-02
5.705796249843353429e-02
5.454189264571340789e-02
6.827258583416817572e-02
6.482614516834794838e-02
4.259434326215083555e-02
3.361920368180637553e-02
6.014747314630619623e-02
4.268108215918697823e-02
7.968201091651860857e-02
5.122973574437583721e-02
4.457017809428942545e-02
4.050608312765346941e-02
4.475919471124245597e-02
7.286979415427685680e-02
5.595845181079517339e-02
8.401436411076068644e-02
1.048679668061682779e-01
6.838022881217808990e-02
7.027278308689255404e-02
7.290201092291193063e-02
3.440898876087916669e-02
2.600331236798825163e-02
4.356828649116828434e-02
3.200357899168815301e-02
2.102151061176038560e-02
4.543306147408943119e-02
7.680956685004014517e-02
8.700558962808324637e-02
8.786753828578053316e-02
8.449492420389836944e-02
6.720961547574855199e-02
4.108431718353289241e-02
2.922838313806186417e-02
4.507450431297199689e-02
6.743017984844690282e-02
7.127851917795724468e-02
5.502814424906765645e-02
3.289476859767526129e-02
1.836024738688279978e-02
1.716386003844050379e-02
2.693940549126505601e-02
4.154498454214716752e-02
5.521523509471593094e-02
5.975795838885833433e-02
5.059797537699695091e-02
6.031804230337722839e-02
9.950458692275299111e-02
1.062453454667841024e-01
8.145376858464792313e-02
6.755048004094665881e-02
3.536381236680860018e-01
1.007148291084941638e-01
5.270097010611085597e-02
4.417685221135658757e-02
3.555842444852896911e-02
3.809201082508162362e-02
4.323438400267742843e-02
3.587514350600173874e-02
4.366496112377216132e-02
5.451642093986452942e-02
5.193364513260112503e-02
3.950376401884037048e-02
6.086071582336960439e-02
1.168679363985921649e-01
1.113159268360989218e-01
5.455672637024500116e-02
2.868451894836332450e-02
3.010347349981368215e-02
3.708739040050934577e-02
6.217605115176472186e-02
1.003930466729097137e-01
1.011846572957839641e-01
7.195000976691934280e-02
4.448552054296273095e-02
3.600877464497376224e-02
5.055403881736331151e-02
6.356115960233255091e-02
6.477401713979591413e-02
6.250385353065612826e-02
6.957955492800349528e-02
7.328150324371296431e-02
4.200853461520648313e-02
1.607896982805945285e-02
5.470833271930553021e-02
6.901426326306314696e-02
3.611003301349080541e-02
3.539685204984799327e-02
7.214707006740350703e-02
5.268092014329683881e-02
5.805089337493918311e-02
