1.890511118970072957e-01
1.927617940302303046e-01
1.946627150591648814e-01
1.964054858406749648e-01
1.966940372100682843e-01
1.977524469354190462e-01
1.988381839935081663e-01
1.980055244267781012e-01
1.966942619395884995e-01
1.952219239439597631e-01
1.933619610996333282e-01
1.905210981608337351e-01
1.895307754869978156e-01
1.865753760133737060e-01
1.846583414184507221e-01
1.872713496906602826e-01
1.816915343022946772e-01
1.799750325540168117e-01
1.772050325125547054e-01
1.728823312115574939e-01
1.670843536269173146e-01
1.636261017946030183e-01
1.553751887356429329e-01
1.524366953565271521e-01
1.526362373742857770e-01
1.528114247448666418e-01
1.485543369262463109e-01
1.411753018473126398e-01
1.309178238598628363e-01
1.215458235777944207e-01
1.243204718352788340e-01
1.112249032483308975e-01
1.035671938879806353e-01
9.196217948491303140e-02
8.197417500133041823e-02
8.031909801738756904e-02
8.544509160078750387e-02
8.141363100303833367e-02
7.084343721099939373e-02
6.145853679225410371e-02
6.544898882838900978e-02
5.458634909487547482e-02
4.170535291949939438e-02
3.367888715318034798e-02
4.033901326076072547e-02
4.572588327446014400e-02
3.795788309758729717e-02
3.371335781817508259e-02
3.824567592429117813e-02
3.172244746618990696e-02
2.177016939934495188e-02
3.163337451753034379e-02
4.026277536249500688e-02
3.309917554363728254e-02
3.789156640969537637e-02
4.408114707744947847e-02
3.307446454142792813e-02
3.936464281701756995e-02
6.940927413533370949e-02
3.743363075743610935e-02
4.173032201322346424e-02
5.211410349082878923e-02
3.207756468771616465e-02
4.619071614782022106e-02
3.814057379027802064e-02
2.765660878636888587e-02
3.482314898746829979e-02
2.404993888228057486e-02
9.344012218344699416e-02
4.169211380063753136e-02
3.195475458218388631e-02
3.773214321191842302e-02
3.128160384938527550e-02
6.074241675721003819e-02
4.879834511255010110e-02
5.069153922574209936e-02
3.822589342683024860e-02
5.513091462923758179e-02
6.091433319850625416e-02
4.916808772136516126e-02
4.135590234911679097e-02
3.241334955429120424e-02
5.125566563542693910e-02
3.860029426177058465e-02
4.077900782441312710e-02
3.082730758215657119e-02
5.011051720967973910e-02
4.694014863412410143e-02
5.398401959354470758e-02
5.906409816200774987e-02
6.047522523152015772e-02
6.387277057932538860e-02
5.298819301179635843e-02
7.085328795893908183e-02
3.685685730911603120e-02
4.336539331693356480e-02
3.441989844077930627e-02
4.282110042298981067e-02
2.631849202673863797e-02
1.564269558169695262e-02
5.453663820306320353e-02
2.607666570538169637e-02
2.292028528543765820e-02
4.281863798679741429e-02
3.163785001816432629e-02
4.353480819312294248e-02
4.469203075723837681e-02
6.211348038445174691e-02
8.501234078713826303e-02
7.700915430209265278e-02
8.838372384187465070e-02
1.014789858443201354e-01
8.114618381441685013e-02
6.891981156916959783e-02
7.352741250393091121e-02
6.342652565165241008e-02
4.273990719757936319e-02
5.543071563563206627e-02
7.296609292890443577e-02
4.439480948493945700e-02
5.359669558709623249e-02
9.322733901237778564e-02
6.112513285505205562e-02
5.102249620706467148e-02
8.653649239906013868e-02
6.662562673931760049e-02
5.086127871753931551e-02
4.406112691380037472e-02
4.816832220614164495e-02
5.684797361513993508e-02
3.707701961128895274e-02
3.085517744541499408e-02
2.542718573632885004e-02
4.646837927814839730e-02
6.435882815148563640e-02
2.905654003035784694e-02
4.837611213777381902e-02
5.581622934576346839e-02
8.268139132627527754e-02
1.412087759302502743e-01
1.522672052807895193e-01
1.687118751851599541e-01
1.541909053613347291e-01
1.261450493047452381e-01
1.025236121525306965e-01
7.816651501680416114e-02
6.070496029461325271e-02
5.938164838947601609e-02
6.958997194337579462e-02
4.940789223687491738e-02
6.992611848705176936e-02
2.799506061912215849e-02
4.774922273759074631e-02
3.927077483675933678e-02
5.012920754927285838e-02
7.247927936902054391e-02
5.924533510072604869e-02
7.733761421560436666e-02
7.012147563235404668e-02
8.528311197856075498e-02
1.055261814560047862e-01
1.055846619108623541e-01
1.007696777582713921e-01
8.326534092483151017e-02
5.592834098747601068e-02
6.852098582186805231e-02
4.548097685105256804e-02
8.155295876702628455e-02
5.623712034908889823e-02
8.560808248234041962e-02
7.059557866408083804e-02
8.688392929133414988e-02
9.042912859445462193e-02
8.696445347006620530e-02
1.083052942183855283e-01
9.009157490055208495e-02
1.208886580072524586e-01
7.938800115618449560e-02
9.744122522537612685e-02
4.140900833819050053e-02
5.932753363591680706e-02
2.225035778258044328e-02
4.474733043787992859e-02
4.028454531472192013e-02
6.080558037328620546e-02
9.203201203032462807e-02
8.920171053222436530e-02
1.168625111897481084e-01
6.642960073416137590e-02
7.926189034849362436e-02
3.670632442231291925e-02
6.624110580389275249e-02
7.334173209377559122e-02
8.945115285033300445e-02
8.524247903825055150e-02
6.047906349603893172e-02
3.728207142939243823e-02
6.179939224787489582e-02
5.488309812247615938e-02
9.822044778230254458e-02
4.187992536544327127e-02
4.125131115847613383e-02
4.598460459836217762e-02
6.509610657446818216e-02
8.824800784179975821e-02
5.113587916432726921e-02
6.003043695842913419e-02
1.139591468989350487e-01
1.265147416447993667e-01
7.796134569383905699e-02
2.052538139398289996e-01
6.911872408726504879e-02
1.203099343609788097e-01
8.574886342917253934e-02
8.223603552351632651e-02
9.896763414497233846e-02
6.800450584007955435e-02
5.028726627395196935e-02
1.083386622170430247e-01
1.097156423715111018e-01
1.261101770702388603e-02
1.007903136840421210e-01
1.082250979869605612e-01
6.849419982213222902e-02
1.164428926987284285e-01
8.916584217669443202e-02
4.740239698363690746e-02
8.080267194794865659e-02
8.844625008501061370e-02
4.318425951267090834e-02
1.046975139749702910e-01
1.048088363569765757e-01
8.633745860095520808e-02
1.033534969880182119e-01
6.127564695488252333e-02
1.048382396119043047e-01
5.513619247922096900e-02
6.582657838474736955e-02
9.954820570060907148e-02
6.582391267083476105e-02
7.378785319070335635e-02
6.328620548730667927e-02
1.102086089826561643e-01
3.541434731705705996e-02
9.481186700652077803e-02
3.875219086250936140e-02
1.062461619039019034e-01
6.097275938554436170e-02
5.149862724812326320e-02
7.473252452292200587e-02
