2.099931445041075539e-01
2.114155271887454557e-01
2.092775312137434840e-01
2.062352834336321772e-01
2.050697170266215785e-01
2.045750225298980096e-01
2.053612074057792336e-01
2.033880824223956996e-01
2.046916572270894852e-01
2.040275947316710914e-01
2.044591585550747936e-01
2.030363007289310850e-01
2.035156311620787140e-01
2.082548055413627752e-01
2.047020666223695606e-01
2.101616029620071435e-01
1.972347999645102101e-01
1.946507013525698992e-01
1.908750275026772636e-01
1.887092779541791332e-01
1.882338112724341039e-01
1.872706164124317008e-01
1.845133495816422275e-01
1.757293029782355243e-01
1.643177536217801382e-01
1.511352250199540226e-01
1.445684951269319285e-01
1.452376744156508304e-01
1.429363750958105861e-01
1.347685555845834493e-01
1.253121661768552553e-01
1.243509608679287393e-01
1.239650490928678739e-01
1.117948257331857764e-01
9.219171013793381331e-02
8.315512359188326208e-02
8.299037154440314090e-02
8.353376969588799383e-02
7.605485844297710241e-02
8.059053658151549282e-02
8.296727141771420566e-02
5.787418527454646355e-02
4.765401986557982195e-02
5.458458567180235477e-02
4.892579506522443111e-02
5.106283035912684287e-02
6.088356560635643788e-02
4.065201039355181845e-02
3.492465594377069937e-02
4.292280893903621664e-02
3.699968336029257898e-02
5.425135279078230344e-02
4.664501287738620494e-02
3.731633189035821196e-02
4.962322728962087481e-02
4.161156471592852846e-02
5.875712625715345805e-02
4.353590509247984297e-02
4.937756654264424672e-02
5.105763555670694842e-02
5.035290984379514612e-02
6.464982299732935367e-02
3.876207921476226836e-02
5.295304877879836170e-02
4.463568934193840043e-02
4.090854222553097497e-02
3.089247616849721823e-02
4.976123391133746576e-02
5.741568726774970433e-02
3.467043019465765319e-02
4.322465208204195886e-02
5.253137407473762455e-02
6.675960064898078805e-02
3.661303614575084353e-02
6.411338808028521630e-02
6.676650461677902104e-02
5.540121465521163913e-02
6.408015903696950843e-02
5.225822761318221765e-02
6.070304947899907155e-02
4.563517001670835960e-02
3.948046414531403148e-02
5.185920283410960785e-02
3.987352460256177178e-02
3.730456477827848172e-02
4.694764202533607822e-02
4.557174926725948705e-02
4.807492504187416138e-02
5.372653856985432075e-02
6.874983132500744887e-02
6.486192980191596291e-02
5.606365516989908482e-02
8.392796757495113447e-02
6.928301738840925150e-02
3.662297502373124125e-02
5.713744535875575625e-02
5.197863022186888227e-02
3.553486801470728818e-02
2.932263259321976623e-02
2.530856406329740071e-02
4.334259827754416428e-02
4.482859217561863119e-02
4.539267753071463130e-02
2.436410701143654212e-02
6.040820196568541522e-02
4.660996021199048656e-02
5.006652945664691323e-02
8.860570881252138875e-02
7.438718641064268056e-02
8.861639288544753690e-02
8.616988299603289825e-02
7.678839496676115317e-02
8.756828648030301476e-02
7.248362325866153366e-02
7.568415058276323215e-02
6.886034420509312692e-02
6.662109133135529770e-02
6.517982484308482150e-02
6.949702222877973679e-02
5.793609668181731731e-02
7.667597310990803550e-02
5.994343064036722346e-02
9.407268944569269209e-02
7.739835418042062543e-02
1.028826617613307626e-01
7.368056613308970881e-02
7.759832094004082137e-02
5.661504523579474757e-02
5.283716588819764581e-02
5.409274847296574595e-02
4.706966127177847348e-02
5.551603333140187058e-02
3.461030827017053113e-02
4.733170483411086593e-02
2.105782138847500651e-02
4.039644473581149864e-02
2.439643291686866000e-02
6.296583129313115812e-02
8.212999807507836980e-02
1.082905207192630392e-01
1.630805668542978371e-01
1.610519957089441290e-01
1.729747508610208762e-01
1.486433914290609115e-01
1.187526137329291132e-01
9.095032551723281067e-02
5.332377714520930567e-02
6.493297030803857339e-02
4.394784485308944610e-02
6.604217738500139934e-02
6.709844027317501958e-02
6.094592220975969532e-02
3.288962726980126927e-02
3.630295936245420130e-02
3.747686217216072979e-02
7.076697243633556234e-02
3.183500305752495763e-02
3.706261805894006667e-02
8.382260540881703026e-02
6.786964828442210163e-02
5.613699154829265847e-02
6.985364348727340911e-02
7.959209309144421596e-02
4.011968124468301422e-02
7.200731396611648183e-02
5.891504477017095454e-02
2.301391015330545020e-02
8.748815817797650496e-02
6.833146970268488829e-02
4.978444384575086978e-02
7.072849599176445068e-02
3.682056160788604871e-02
6.164439505825503041e-02
5.375393710569731365e-02
7.024839691111373075e-02
1.146751780411959798e-01
7.466891436432132600e-02
1.150761932963180190e-01
6.694268720280660556e-02
6.601150133564603895e-02
4.180349421957374467e-02
3.761733184607418679e-02
4.254323322415964892e-02
5.703492369195328759e-02
2.816832983703709825e-02
5.433410157747642355e-02
7.422563623208600081e-02
1.015648905434298754e-01
9.050694650730950475e-02
1.028991192944034294e-01
3.468262625333162763e-02
6.788531570513478552e-02
4.520676076931973153e-02
6.427388666906075354e-02
7.747503214303674834e-02
6.863787738056958965e-02
6.980390735105324040e-02
2.712721008439789028e-02
6.320113100876600942e-02
5.614679170588909862e-02
1.028773025256146667e-02
5.285931324366321959e-02
5.458693614306808772e-02
2.992984753266791920e-02
6.108041200857972086e-02
7.368096996096229478e-02
8.465927917815652126e-02
1.230063196560512440e-01
1.146176322264254033e-01
7.010912760133469757e-02
1.164683974674428635e-01
8.151607638008717682e-02
1.140891826275316490e-01
7.971186616077996501e-02
5.251699283266153540e-02
4.972096834399730714e-02
7.166972626514367395e-02
3.551938876201499173e-02
4.829732554829790914e-02
8.007489380916099631e-02
7.059070095823061219e-02
4.472090324395694427e-02
5.856652032619935611e-02
1.071226028151425202e-01
1.210723823175584579e-01
8.235226353214297745e-02
6.623765825933436435e-02
7.346919775488713888e-02
5.835827368786217217e-02
4.771614431195392303e-02
6.127078353152015655e-02
7.666514725028716892e-02
8.421234233066565711e-02
8.486506200974064384e-02
7.832394762162064872e-02
6.875495514487328652e-02
6.330968451958018939e-02
7.395476431284642160e-02
9.138206276181248811e-02
9.659164672949427377e-02
8.299113166903815397e-02
5.082003169749238491e-02
3.491643540125599632e-02
3.940853484408990415e-02
3.601019343319777910e-02
3.730730275328419943e-02
4.767773772907635266e-02
6.853948334466319903e-02
7.573660893328759691e-02
7.850254823756486200e-02
