2.200000000000000000e+01 2.291666666666666970e+03 0.000000000000000000e+00 5.400000000000000000e+02 9.970674283387659376e-01
2.100000000000000000e+01 2.187500000000000000e+03 0.000000000000000000e+00 5.160000000000000000e+02 9.970338098470991062e-01
2.300000000000000000e+01 2.395833333333333485e+03 0.000000000000000000e+00 5.640000000000000000e+02 9.981766156855945704e-01
2.400000000000000000e+01 2.500000000000000000e+03 0.000000000000000000e+00 5.880000000000000000e+02 9.980673361980871849e-01
1.900000000000000000e+01 1.979166666666666742e+03 0.000000000000000000e+00 4.680000000000000000e+02 9.968780223794421191e-01
1.800000000000000000e+01 1.875000000000000000e+03 0.000000000000000000e+00 4.440000000000000000e+02 9.963102514485113748e-01
1.700000000000000000e+01 1.770833333333333485e+03 0.000000000000000000e+00 4.160000000000000000e+02 9.948806039861572970e-01
2.000000000000000000e+01 2.083333333333333485e+03 0.000000000000000000e+00 4.920000000000000000e+02 9.979417528213988531e-01
1.300000000000000000e+01 1.354166666666666742e+03 0.000000000000000000e+00 3.200000000000000000e+02 8.646517904714138281e-01
1.400000000000000000e+01 1.458333333333333485e+03 0.000000000000000000e+00 3.440000000000000000e+02 9.696426116433677356e-01
1.500000000000000000e+01 1.562500000000000000e+03 0.000000000000000000e+00 3.680000000000000000e+02 9.872388075919733552e-01
1.600000000000000000e+01 1.666666666666666742e+03 0.000000000000000000e+00 3.920000000000000000e+02 9.927090432768748141e-01
9.000000000000000000e+00 9.375000000000000000e+02 0.000000000000000000e+00 2.240000000000000000e+02 8.999567224185600622e-02
1.000000000000000000e+01 1.041666666666666742e+03 0.000000000000000000e+00 2.480000000000000000e+02 1.939764470977021205e-01
1.100000000000000000e+01 1.145833333333333485e+03 0.000000000000000000e+00 2.720000000000000000e+02 8.984879772612031079e-02
1.200000000000000000e+01 1.250000000000000000e+03 0.000000000000000000e+00 2.960000000000000000e+02 2.241128786582969878e-01
5.000000000000000000e+00 5.208333333333333712e+02 0.000000000000000000e+00 1.280000000000000000e+02 2.433372385559607887e-01
6.000000000000000000e+00 6.250000000000000000e+02 0.000000000000000000e+00 1.520000000000000000e+02 9.267503886371097899e-02
7.000000000000000000e+00 7.291666666666667425e+02 0.000000000000000000e+00 1.760000000000000000e+02 8.125030949447054063e-03
8.000000000000000000e+00 8.333333333333333712e+02 0.000000000000000000e+00 2.000000000000000000e+02 2.891844449961111785e-02
1.000000000000000000e+00 1.041666666666666714e+02 0.000000000000000000e+00 3.200000000000000000e+01 3.766635102208173436e-01
0.000000000000000000e+00 0.000000000000000000e+00 0.000000000000000000e+00 8.000000000000000000e+00 9.894340659837319585e-01
2.000000000000000000e+00 2.083333333333333428e+02 0.000000000000000000e+00 5.600000000000000000e+01 2.574980078354198731e-01
3.000000000000000000e+00 3.125000000000000000e+02 0.000000000000000000e+00 8.000000000000000000e+01 1.480664725825925343e-01
4.000000000000000000e+00 4.166666666666666856e+02 0.000000000000000000e+00 1.040000000000000000e+02 2.280215725547218852e-02
