2.450000000000000000e+02 2.459839357429718802e+03 0.000000000000000000e+00 9.983603923071681097e-01
2.460000000000000000e+02 2.469879518072289102e+03 0.000000000000000000e+00 9.981039878662997245e-01
2.470000000000000000e+02 2.479919678714859401e+03 0.000000000000000000e+00 9.973903285303803434e-01
2.480000000000000000e+02 2.489959839357429701e+03 0.000000000000000000e+00 9.986381426330875888e-01
2.490000000000000000e+02 2.500000000000000000e+03 0.000000000000000000e+00 9.980691549896076875e-01
2.400000000000000000e+02 2.409638554216867760e+03 0.000000000000000000e+00 9.985314064642266674e-01
2.410000000000000000e+02 2.419678714859438060e+03 0.000000000000000000e+00 9.987159577272054500e-01
2.420000000000000000e+02 2.429718875502008359e+03 0.000000000000000000e+00 9.979564777575946621e-01
2.430000000000000000e+02 2.439759036144578658e+03 0.000000000000000000e+00 9.981709908152139876e-01
2.440000000000000000e+02 2.449799196787148503e+03 0.000000000000000000e+00 9.974530628417698219e-01
