2.100000000000000000e+01 2.500000000000000000e+03 6.250000000000000000e+06 1.900000000000000000e+02 3.772583226728393191e-01 4.210905517280379984e-01 3.780171257794447959e-01 3.354732704920136976e-01
2.200000000000000000e+01 2.500000000000000000e+03 7.500000000000000000e+06 3.330000000000000000e+02 1.419561212141945417e-01 1.000000000000000000e+00 1.000000000000000000e+00 1.174793975863772655e-01
2.000000000000000000e+01 2.500000000000000000e+03 5.000000000000000000e+06 1.540000000000000000e+02 1.278917810551417622e-01 1.000000000000000000e+00 1.000000000000000000e+00 9.250443038565603349e-02
2.300000000000000000e+01 2.500000000000000000e+03 8.750000000000000000e+06 3.870000000000000000e+02 5.613323164264438780e-02 1.000000000000000000e+00 1.000000000000000000e+00 4.030787867338314623e-02
2.400000000000000000e+01 2.500000000000000000e+03 1.000000000000000000e+07 5.880000000000000000e+02 1.000000000000000000e+00 1.000000000000000000e+00 4.960379669958610016e-01 9.982829819479763778e-01
1.800000000000000000e+01 1.875000000000000000e+03 8.750000000000000000e+06 2.940000000000000000e+02 5.736638261105919678e-02 5.670132583849252228e-02 5.507701163330602778e-02 4.346422194921084614e-02
1.700000000000000000e+01 1.875000000000000000e+03 7.500000000000000000e+06 2.520000000000000000e+02 4.924784663515435756e-02 4.835453493322849905e-02 4.274667011583688225e-02 4.649761510721917013e-02
1.600000000000000000e+01 1.875000000000000000e+03 6.250000000000000000e+06 1.440000000000000000e+02 2.416857208698557358e-01 2.414202229658516385e-01 2.538416678362626078e-01 2.219233085728443688e-01
1.900000000000000000e+01 1.875000000000000000e+03 1.000000000000000000e+07 4.440000000000000000e+02 1.000000000000000000e+00 1.000000000000000000e+00 1.000000000000000000e+00 9.963259355001867767e-01
1.500000000000000000e+01 1.875000000000000000e+03 5.000000000000000000e+06 1.180000000000000000e+02 1.215993920482897339e-01 1.196820338659342342e-01 1.110581866799524864e-01 8.009603642700979798e-02
1.100000000000000000e+01 1.250000000000000000e+03 6.250000000000000000e+06 1.000000000000000000e+02 1.276223991381661982e-01 1.294559040684934992e-01 1.670319056679195890e-01 1.328290634542884652e-01
1.200000000000000000e+01 1.250000000000000000e+03 7.500000000000000000e+06 1.710000000000000000e+02 7.118774470128330645e-02 7.158589910117696409e-02 9.234191182431339406e-02 6.306156644158478208e-02
1.300000000000000000e+01 1.250000000000000000e+03 8.750000000000000000e+06 1.980000000000000000e+02 1.116720991767050641e-02 1.094003151469968849e-02 2.149453659930045113e-02 1.992349578393659559e-02
1.400000000000000000e+01 1.250000000000000000e+03 1.000000000000000000e+07 2.960000000000000000e+02 9.756303247779962717e-02 9.928011205260911520e-02 3.038308684812280891e-01 2.869684136465774360e-01
1.000000000000000000e+01 1.250000000000000000e+03 5.000000000000000000e+06 8.200000000000000000e+01 8.950210970795813292e-02 8.802774704745686130e-02 9.833671156843655226e-01 9.834237593560082313e-01
6.000000000000000000e+00 6.250000000000000000e+02 6.250000000000000000e+06 5.400000000000000000e+01 4.801740738233567507e-01 4.876856943395285748e-01 6.513251997728637388e-01 4.348587064713250738e-01
8.000000000000000000e+00 6.250000000000000000e+02 8.750000000000000000e+06 1.020000000000000000e+02 1.000000000000000000e+00 1.000000000000000000e+00 1.000000000000000000e+00 9.975705886480045192e-01
7.000000000000000000e+00 6.250000000000000000e+02 7.500000000000000000e+06 9.000000000000000000e+01 9.657532946899365367e-01 9.594817950019514097e-01 8.235025230537640351e-01 7.573702936046668999e-01
4.000000000000000000e+00 0.000000000000000000e+00 1.000000000000000000e+07 8.000000000000000000e+00 1.971381931174034374e-01 1.000000000000000000e+00 1.000000000000000000e+00 9.889618265621419324e-01
3.000000000000000000e+00 0.000000000000000000e+00 8.750000000000000000e+06 9.000000000000000000e+00 3.502120542187319163e-01 3.460214474377452110e-01 8.974273151410060434e-01 8.954581109885232371e-01
2.000000000000000000e+00 0.000000000000000000e+00 7.500000000000000000e+06 9.000000000000000000e+00 3.502120542187319163e-01 3.460214474377452110e-01 8.974273151410060434e-01 8.954581109885232371e-01
5.000000000000000000e+00 6.250000000000000000e+02 5.000000000000000000e+06 4.600000000000000000e+01 1.000000000000000000e+00 1.000000000000000000e+00 1.000000000000000000e+00 9.984061495797117436e-01
1.000000000000000000e+00 0.000000000000000000e+00 6.250000000000000000e+06 1.000000000000000000e+01 4.348860673226315754e-01 4.282663575072164219e-01 3.366548799589215157e-01 3.620536853070891459e-01
0.000000000000000000e+00 0.000000000000000000e+00 5.000000000000000000e+06 1.000000000000000000e+01 4.348860673226315754e-01 4.282663575072164219e-01 3.366548799589215157e-01 3.620536853070891459e-01
9.000000000000000000e+00 6.250000000000000000e+02 1.000000000000000000e+07 1.520000000000000000e+02 1.587819510826747882e-01 1.597342775843183516e-01 2.011377492762104202e-01 1.264651620959499345e-01
