2.100000000000000000e+01 2.187500000000000000e+03 0.000000000000000000e+00 5.160000000000000000e+02 1.000000000000000000e+00 1.000000000000000000e+00 5.068053493311961422e-01 9.985060818115542025e-01
2.200000000000000000e+01 2.291666666666666970e+03 0.000000000000000000e+00 5.400000000000000000e+02 1.000000000000000000e+00 1.000000000000000000e+00 6.079377287935262553e-01 9.987472685371394654e-01
2.400000000000000000e+01 2.500000000000000000e+03 0.000000000000000000e+00 5.880000000000000000e+02 1.000000000000000000e+00 1.000000000000000000e+00 4.960379669958595583e-01 9.982829819479752675e-01
2.300000000000000000e+01 2.395833333333333485e+03 0.000000000000000000e+00 5.640000000000000000e+02 1.000000000000000000e+00 1.000000000000000000e+00 4.392344041981155467e-01 9.981245075399308719e-01
2.000000000000000000e+01 2.083333333333333485e+03 0.000000000000000000e+00 4.920000000000000000e+02 1.000000000000000000e+00 1.000000000000000000e+00 8.260392396087989919e-02 9.968609138796876712e-01
1.700000000000000000e+01 1.770833333333333485e+03 0.000000000000000000e+00 4.160000000000000000e+02 5.548198005800308863e-02 1.000000000000000000e+00 1.000000000000000000e+00 9.942994033005104759e-01
1.800000000000000000e+01 1.875000000000000000e+03 0.000000000000000000e+00 4.440000000000000000e+02 1.000000000000000000e+00 1.000000000000000000e+00 1.000000000000000000e+00 9.963259355001786721e-01
1.900000000000000000e+01 1.979166666666666742e+03 0.000000000000000000e+00 4.680000000000000000e+02 1.000000000000000000e+00 1.000000000000000000e+00 2.207867585603090488e-01 9.968182826829066201e-01
1.400000000000000000e+01 1.458333333333333485e+03 0.000000000000000000e+00 3.440000000000000000e+02 4.489933751120700478e-02 4.442591907781345828e-02 9.698915990471015380e-01 9.698373053461738502e-01
1.500000000000000000e+01 1.562500000000000000e+03 0.000000000000000000e+00 3.680000000000000000e+02 3.194143456433023998e-01 3.191709325413013554e-01 9.906654064642909097e-01 9.898913330544814038e-01
1.600000000000000000e+01 1.666666666666666742e+03 0.000000000000000000e+00 3.920000000000000000e+02 1.521936908889530704e-01 1.537055193850594970e-01 9.930096465740118061e-01 9.928673553609002056e-01
1.300000000000000000e+01 1.354166666666666742e+03 0.000000000000000000e+00 3.200000000000000000e+02 1.473976061103595692e-01 1.442474580613338775e-01 8.801210403049503084e-01 8.761128251075237516e-01
1.100000000000000000e+01 1.145833333333333485e+03 0.000000000000000000e+00 2.720000000000000000e+02 8.293947879775642740e-02 8.310065124271737158e-02 1.199989466041251340e-01 1.169972551645023229e-01
1.200000000000000000e+01 1.250000000000000000e+03 0.000000000000000000e+00 2.960000000000000000e+02 9.756303247779751775e-02 9.928011205260867111e-02 3.038308684811056315e-01 2.869684136465422419e-01
1.000000000000000000e+01 1.041666666666666742e+03 0.000000000000000000e+00 2.480000000000000000e+02 2.185163735069676205e-01 2.162249348603999533e-01 2.329931087626535557e-01 1.505566145960797186e-01
9.000000000000000000e+00 9.375000000000000000e+02 0.000000000000000000e+00 2.240000000000000000e+02 1.371034300660733951e-01 1.361146922155482830e-01 1.632438282341688307e-01 1.083401777120035492e-01
7.000000000000000000e+00 7.291666666666667425e+02 0.000000000000000000e+00 1.760000000000000000e+02 5.697344876087484522e-02 5.188628849862220171e-02 2.168799033815893562e-02 2.201459674669314914e-02
8.000000000000000000e+00 8.333333333333333712e+02 0.000000000000000000e+00 2.000000000000000000e+02 1.281100689480099142e-01 1.249263321269566962e-01 1.051190242283127629e-01 5.983116629243456774e-02
6.000000000000000000e+00 6.250000000000000000e+02 0.000000000000000000e+00 1.520000000000000000e+02 1.587819510826685709e-01 1.597342775843183516e-01 2.011377492762048691e-01 1.264651620959439393e-01
5.000000000000000000e+00 5.208333333333333712e+02 0.000000000000000000e+00 1.280000000000000000e+02 4.490090723837344422e-01 4.364296797643789638e-01 2.972997417195770709e-01 2.551523915137314802e-01
2.000000000000000000e+00 2.083333333333333428e+02 0.000000000000000000e+00 5.600000000000000000e+01 3.909840815356215860e-01 3.831167895960098102e-01 2.533572718895974463e-01 2.685864767135272002e-01
3.000000000000000000e+00 3.125000000000000000e+02 0.000000000000000000e+00 8.000000000000000000e+01 1.206437551892249882e-01 1.289335743552814106e-01 3.311430992164138276e-01 1.732992725693643932e-01
0.000000000000000000e+00 0.000000000000000000e+00 0.000000000000000000e+00 8.000000000000000000e+00 1.971381931174034374e-01 1.000000000000000000e+00 1.000000000000000000e+00 9.889618265621419324e-01
1.000000000000000000e+00 1.041666666666666714e+02 0.000000000000000000e+00 3.200000000000000000e+01 4.910625993371661169e-01 4.858403533363346849e-01 4.092310780967638451e-01 3.800916447401334608e-01
4.000000000000000000e+00 4.166666666666666856e+02 0.000000000000000000e+00 1.040000000000000000e+02 7.535037585031600926e-02 6.861950015685314153e-02 2.603485451019615926e-02 1.764383116794976392e-02
