2.100000000000000000e+01 2.500000000000000000e+03 6.250000000000000000e+06 1.900000000000000000e+02 1.659850870043668714e-01
2.200000000000000000e+01 2.500000000000000000e+03 7.500000000000000000e+06 3.330000000000000000e+02 1.553432502726492803e-02
2.000000000000000000e+01 2.500000000000000000e+03 5.000000000000000000e+06 1.540000000000000000e+02 1.093054465416077869e-01
2.300000000000000000e+01 2.500000000000000000e+03 8.750000000000000000e+06 3.870000000000000000e+02 4.008809628620824128e-02
2.400000000000000000e+01 2.500000000000000000e+03 1.000000000000000000e+07 5.880000000000000000e+02 9.980673361980871849e-01
1.800000000000000000e+01 1.875000000000000000e+03 8.750000000000000000e+06 2.940000000000000000e+02 2.435386194584776565e-02
1.700000000000000000e+01 1.875000000000000000e+03 7.500000000000000000e+06 2.520000000000000000e+02 1.603229697130559295e-03
1.600000000000000000e+01 1.875000000000000000e+03 6.250000000000000000e+06 1.440000000000000000e+02 6.760622587943521111e-02
1.500000000000000000e+01 1.875000000000000000e+03 5.000000000000000000e+06 1.180000000000000000e+02 4.458557907280147337e-02
1.900000000000000000e+01 1.875000000000000000e+03 1.000000000000000000e+07 4.440000000000000000e+02 9.963102514485113748e-01
1.100000000000000000e+01 1.250000000000000000e+03 6.250000000000000000e+06 1.000000000000000000e+02 6.669895281925930508e-02
1.200000000000000000e+01 1.250000000000000000e+03 7.500000000000000000e+06 1.710000000000000000e+02 5.407408284229420214e-02
1.300000000000000000e+01 1.250000000000000000e+03 8.750000000000000000e+06 1.980000000000000000e+02 1.177254612445155502e-02
1.400000000000000000e+01 1.250000000000000000e+03 1.000000000000000000e+07 2.960000000000000000e+02 2.241128786582969878e-01
1.000000000000000000e+01 1.250000000000000000e+03 5.000000000000000000e+06 8.200000000000000000e+01 9.842921790344666411e-01
6.000000000000000000e+00 6.250000000000000000e+02 6.250000000000000000e+06 5.400000000000000000e+01 4.275624825017316777e-01
7.000000000000000000e+00 6.250000000000000000e+02 7.500000000000000000e+06 9.000000000000000000e+01 7.312239649490935856e-01
8.000000000000000000e+00 6.250000000000000000e+02 8.750000000000000000e+06 1.020000000000000000e+02 9.970833552667813793e-01
4.000000000000000000e+00 0.000000000000000000e+00 1.000000000000000000e+07 8.000000000000000000e+00 9.894340659837319585e-01
3.000000000000000000e+00 0.000000000000000000e+00 8.750000000000000000e+06 9.000000000000000000e+00 9.091075259241091500e-01
5.000000000000000000e+00 6.250000000000000000e+02 5.000000000000000000e+06 4.600000000000000000e+01 9.985794433156948147e-01
2.000000000000000000e+00 0.000000000000000000e+00 7.500000000000000000e+06 9.000000000000000000e+00 9.091075259241091500e-01
1.000000000000000000e+00 0.000000000000000000e+00 6.250000000000000000e+06 1.000000000000000000e+01 3.495054381491805584e-01
0.000000000000000000e+00 0.000000000000000000e+00 5.000000000000000000e+06 1.000000000000000000e+01 3.495054381491805584e-01
9.000000000000000000e+00 6.250000000000000000e+02 1.000000000000000000e+07 1.520000000000000000e+02 9.267503886371097899e-02
