2.200000000000000000e+01 2.291666666666666970e+03 0.000000000000000000e+00 5.400000000000000000e+02 9.970674283195806176e-01
2.300000000000000000e+01 2.395833333333333485e+03 0.000000000000000000e+00 5.640000000000000000e+02 9.981766155225436643e-01
2.400000000000000000e+01 2.500000000000000000e+03 0.000000000000000000e+00 5.880000000000000000e+02 9.980673361664856857e-01
2.000000000000000000e+01 2.083333333333333485e+03 0.000000000000000000e+00 4.920000000000000000e+02 9.979417527694389722e-01
2.100000000000000000e+01 2.187500000000000000e+03 0.000000000000000000e+00 5.160000000000000000e+02 9.970338100860040020e-01
1.900000000000000000e+01 1.979166666666666742e+03 0.000000000000000000e+00 4.680000000000000000e+02 9.968780220317972063e-01
1.600000000000000000e+01 1.666666666666666742e+03 0.000000000000000000e+00 3.920000000000000000e+02 9.927090425939313345e-01
1.700000000000000000e+01 1.770833333333333485e+03 0.000000000000000000e+00 4.160000000000000000e+02 9.948806039177335858e-01
1.800000000000000000e+01 1.875000000000000000e+03 0.000000000000000000e+00 4.440000000000000000e+02 9.963102512399087951e-01
1.300000000000000000e+01 1.354166666666666742e+03 0.000000000000000000e+00 3.200000000000000000e+02 8.646517873114289987e-01
1.400000000000000000e+01 1.458333333333333485e+03 0.000000000000000000e+00 3.440000000000000000e+02 9.696426110634572826e-01
1.500000000000000000e+01 1.562500000000000000e+03 0.000000000000000000e+00 3.680000000000000000e+02 9.872388079638099168e-01
1.100000000000000000e+01 1.145833333333333485e+03 0.000000000000000000e+00 2.720000000000000000e+02 8.984879903895470754e-02
1.000000000000000000e+01 1.041666666666666742e+03 0.000000000000000000e+00 2.480000000000000000e+02 1.939764478165143524e-01
1.200000000000000000e+01 1.250000000000000000e+03 0.000000000000000000e+00 2.960000000000000000e+02 2.241128647131287455e-01
7.000000000000000000e+00 7.291666666666667425e+02 0.000000000000000000e+00 1.760000000000000000e+02 8.125031398901638724e-03
8.000000000000000000e+00 8.333333333333333712e+02 0.000000000000000000e+00 2.000000000000000000e+02 2.891844464740134235e-02
9.000000000000000000e+00 9.375000000000000000e+02 0.000000000000000000e+00 2.240000000000000000e+02 8.999567282033360538e-02
4.000000000000000000e+00 4.166666666666666856e+02 0.000000000000000000e+00 1.040000000000000000e+02 2.280215722657152888e-02
6.000000000000000000e+00 6.250000000000000000e+02 0.000000000000000000e+00 1.520000000000000000e+02 9.267503888828032554e-02
5.000000000000000000e+00 5.208333333333333712e+02 0.000000000000000000e+00 1.280000000000000000e+02 2.433372387166417017e-01
1.000000000000000000e+00 1.041666666666666714e+02 0.000000000000000000e+00 3.200000000000000000e+01 3.766635101969540989e-01
0.000000000000000000e+00 0.000000000000000000e+00 0.000000000000000000e+00 8.000000000000000000e+00 9.894340657132227879e-01
2.000000000000000000e+00 2.083333333333333428e+02 0.000000000000000000e+00 5.600000000000000000e+01 2.574980078395383565e-01
3.000000000000000000e+00 3.125000000000000000e+02 0.000000000000000000e+00 8.000000000000000000e+01 1.480664724882625460e-01
