2.228629132009964930e-01
2.228846174527675528e-01
2.227292247658068103e-01
2.223579893104130623e-01
2.217234457666776848e-01
2.209113219185984134e-01
2.198934605397474540e-01
2.186648403018106590e-01
2.171337642326948147e-01
2.155471507956432387e-01
2.136601215113687058e-01
2.115599529389520228e-01
2.093523759164391818e-01
2.066837850714172697e-01
2.039283236879144701e-01
2.009862357155145496e-01
1.978519516685748325e-01
1.945546687442185618e-01
1.910986469472462090e-01
1.874835613935206258e-01
1.837161293264588657e-01
1.794442266679576736e-01
1.756393725904463743e-01
1.712902472250867891e-01
1.666920053359899345e-01
1.617114000294901377e-01
1.564462446768188908e-01
1.508330097451242580e-01
1.448832047981292170e-01
1.386932505552632700e-01
1.418853111984534898e-01
1.259132135311419320e-01
1.195395242311012574e-01
1.133026792029594443e-01
1.071442123318708806e-01
1.010388307684486620e-01
9.539789484082328297e-02
8.857408296086144439e-02
8.193154359437748724e-02
7.507535539266685376e-02
6.804615072965336520e-02
6.130760924197842243e-02
5.498260862305792696e-02
4.929544488296122573e-02
4.426136536002023281e-02
3.979100577079808243e-02
3.538229747719834339e-02
3.094347618333204153e-02
2.637160414101880068e-02
2.192902320912404335e-02
1.802663654339864419e-02
1.503914735889355647e-02
1.294904910322702829e-02
1.143481876433549704e-02
9.933682671971255651e-03
8.075484968920854101e-03
5.872109155620641729e-03
3.962710035644967377e-03
2.647535111824717013e-02
2.993799693951304519e-03
3.664296144207712658e-03
4.686183787327991013e-03
4.055071279415844998e-03
3.581827799197911943e-03
3.555718997012013993e-03
4.524113433182264110e-03
6.145604678529759113e-03
7.389888615436324137e-03
7.874550970030314012e-03
6.555485013302497777e-03
5.981587001443688933e-03
6.382425787313628085e-03
7.292990584301328738e-03
7.510569478733075677e-03
6.548876296477157410e-03
5.355365070874196221e-03
5.266671679142409523e-03
6.959597107163761898e-03
7.197593013657632710e-03
6.580587795182557542e-03
5.219576499052691609e-03
4.728811701126489631e-03
5.181311185134096498e-03
6.034754605215963963e-03
4.969758032668303294e-03
3.654846503461595120e-03
3.922276830777726708e-03
5.544087632177507885e-03
6.386146794133740201e-03
6.022246825544308457e-03
5.904152390527439564e-03
7.460024719094682233e-03
9.003787088852188703e-03
8.565070275483921414e-03
7.294432160855346403e-03
7.570349112306473671e-03
8.802915554653734098e-03
8.547803355937744207e-03
7.195145592183149752e-03
7.411703047938922317e-03
8.992135471358353449e-03
9.011420262363012412e-03
7.377733941818287455e-03
6.815882824302565979e-03
7.978179249950145824e-03
6.806892946986220494e-03
5.045685817014367025e-03
5.547786640608509678e-03
7.089929657372318061e-03
6.626483696471119345e-03
5.846113242845119018e-03
7.187802632322215501e-03
8.014735585457510858e-03
6.645306392190075684e-03
6.638695723759413525e-03
8.772533635959423037e-03
9.325042990236509510e-03
9.054557974527699393e-03
1.103718053860436310e-02
1.243364115494893785e-02
1.112319790191818036e-02
1.102469761458912956e-02
1.223800652012596579e-02
1.108603235316873992e-02
1.005572373270380293e-02
1.184562230952546091e-02
1.077253772053210490e-02
8.608082167371300386e-03
8.823754719716192518e-03
8.177428952574672394e-03
6.199715847831299698e-03
7.378463572909721435e-03
8.921669769351159296e-03
8.940630027402973745e-03
1.168979401274317098e-02
1.476261751171958903e-02
1.593302182582689852e-02
1.973756416583427598e-02
2.436556832168301767e-02
8.097435608031633425e-02
3.098894559788811787e-02
3.313943425448617752e-02
3.297003154150979221e-02
3.416644521902234555e-02
3.275914199807450355e-02
2.991420188242188694e-02
2.873334714207076424e-02
2.451581290125182111e-02
2.017923001541144234e-02
1.725766605482870197e-02
1.222006627931715439e-02
1.013816322995142460e-02
9.421112083668914394e-03
8.108124357029899976e-03
1.033956123272439243e-02
1.154789445489412536e-02
1.370444769790435391e-02
1.798597937223300747e-02
2.015266147699412702e-02
2.413687176203893614e-02
2.629782737581420893e-02
2.640074009904236352e-02
2.746169449415047925e-02
2.538245250788495611e-02
2.454789230792453480e-02
2.144840615412213491e-02
1.801275872635510478e-02
1.947576449051258152e-02
1.569296020855770468e-02
1.529940947367269821e-02
1.242315519885917041e-02
1.290529237762716441e-02
1.148414057989810555e-02
1.292461172636605315e-02
1.246929820770326103e-02
1.398367617508167182e-02
1.336295862818459579e-02
1.421426410618631397e-02
1.314054043164503138e-02
1.376136679383299644e-02
1.283717073785328733e-02
1.383639101233269386e-02
1.316963625525147119e-02
1.432460534286195131e-02
1.347197294570701143e-02
1.453726211422345926e-02
1.357628711146674494e-02
1.479337748401876595e-02
1.401599871783199003e-02
1.526888689225458506e-02
1.446235095514347702e-02
1.526482986454724688e-02
1.443758373146464269e-02
1.488402154650159126e-02
1.464037788337491097e-02
1.500418495232758165e-02
1.545628561012624136e-02
1.539764517780639608e-02
1.220252445097036453e-02
1.183136294490683138e-02
1.260169661324805901e-02
1.256418482306298490e-02
1.276191793958869614e-02
1.274869621526231178e-02
1.278672449827433777e-02
1.319433950089599072e-02
1.358095396442893232e-02
1.480598623717310769e-02
1.525049627120478313e-02
2.051356008326232772e-02
1.151197785509570082e-01
2.005431168865090541e-02
2.315821727212941106e-02
2.397078670568986158e-02
2.634338832226135185e-02
2.819132743248586870e-02
2.968878989577627969e-02
3.091639500243725802e-02
3.149531754569045994e-02
3.191408447041310659e-02
3.133563792076365928e-02
3.084342959636421355e-02
2.956949236348727084e-02
2.830646900933198040e-02
2.650628797464149589e-02
2.464210100526265101e-02
2.299917887416447204e-02
2.088074605320056065e-02
1.867329214447654984e-02
1.687849988825596004e-02
1.647874423765427476e-02
2.019194639235355471e-02
2.008198371343050681e-02
2.036470882409702199e-02
1.954597463379259548e-02
2.024242922706720460e-02
2.034999369477341613e-02
2.013390859647623543e-02
2.118863300687401363e-02
2.052193587043027456e-02
2.063991705298817703e-02
2.175605708087047230e-02
2.116880877052107479e-02
2.195217912545277539e-02
2.218342481319035553e-02
2.071675178899756720e-02
2.173726186421076623e-02
2.244757000087604926e-02
2.248674877683221052e-02
2.465017061397156706e-02
