1.941977407752145668e-01
1.953259172970119861e-01
1.958406046792979804e-01
1.957815230235196990e-01
1.964409463225899044e-01
1.959856454389797831e-01
1.957990169779821876e-01
1.950665062999835664e-01
1.944163226765767138e-01
1.937111553615989967e-01
1.929795721871584435e-01
1.947323527074523719e-01
1.909003972627203449e-01
1.902157579728406267e-01
1.884988881170513997e-01
1.844726853304071712e-01
1.825430669624993341e-01
1.780084718241019548e-01
1.726719099922664480e-01
1.670925293231088071e-01
1.620104239107947874e-01
1.573935855723926913e-01
1.552448532107225665e-01
1.530207753638557211e-01
1.503852453433769387e-01
1.482429421806380487e-01
1.384875580814405316e-01
1.304490525425193725e-01
1.230690532059663944e-01
1.175057909278928170e-01
1.236576836096773269e-01
1.070225289771258304e-01
9.761663403282139218e-02
8.576369954347640157e-02
7.548912380883288087e-02
7.018570599405149490e-02
6.357402823992430729e-02
6.592144395492449682e-02
5.887220459256381488e-02
5.084300949633357991e-02
4.757881538603003779e-02
4.730027011815252092e-02
4.371917124366275775e-02
3.374823354021150301e-02
2.530952915813611259e-02
2.606365960626388922e-02
3.032782795719479729e-02
2.826134292492510358e-02
2.366394902528556887e-02
2.703093276368084830e-02
3.342760429780344822e-02
2.990420669531934639e-02
2.278738914246525304e-02
2.701022609136394248e-02
3.421665347617075525e-02
3.016083032641703188e-02
2.744479939958222037e-02
3.560353787619974231e-02
3.571982713449151081e-02
2.651737866063363924e-02
3.095510741065221616e-02
3.573689842054639243e-02
2.718084203612858296e-02
2.489054260744649749e-02
2.988054996149924758e-02
1.957084933534991578e-02
1.961496219580816103e-02
3.283761964018772073e-02
3.103577740695839804e-02
2.569603886686888661e-02
3.244407294856388457e-02
2.201635694142733968e-02
3.237347727579331647e-02
4.754211440212952056e-02
4.160985192066002369e-02
4.993994722361239091e-02
4.154163797644616629e-02
3.659989913926564586e-02
4.992532908651192702e-02
4.134601880075194913e-02
4.425446040674685388e-02
3.349032330409018599e-02
1.775213395169061847e-02
3.349111283283345841e-02
2.525138212460520393e-02
3.901804607541403680e-02
2.828982340234043047e-02
2.824478603491675788e-02
3.963241532379591092e-02
3.729810143238820874e-02
5.257962244453184830e-02
3.488928591076978503e-02
4.954423022369169871e-02
3.331797262339564192e-02
4.350942245401323571e-02
2.713271423758878420e-02
3.699267699309327639e-02
2.593069689096572095e-02
2.631973752928939980e-02
1.515166580572002708e-02
2.744963119801102636e-02
2.636543608402264205e-02
2.616558286934267397e-02
1.094302782617440073e-02
3.457373521246942527e-02
3.131557758798897417e-02
4.233498729168616581e-02
2.159928484342032995e-02
5.342741461205025022e-02
5.246570904398084600e-02
6.979756335691311708e-02
4.642140974759789707e-02
6.766683996690014968e-02
6.465735143359963022e-02
5.452363526210923794e-02
5.378793945274829014e-02
4.166150350212738385e-02
6.363536536385017151e-02
4.782138014757697508e-02
6.914462523092657076e-02
7.099396549287917413e-02
6.841175027906576389e-02
9.490925617061463093e-02
6.629242584885919332e-02
6.172570114725595136e-02
6.071195887401281688e-02
4.099553626252350202e-02
3.691779269645312223e-02
2.155343995430980542e-02
3.323810836930096713e-02
3.885956590486616680e-02
1.165689187818408357e-02
3.406084977788836898e-02
4.546033769133961400e-02
1.548666176072244216e-02
4.102742129476544264e-02
7.266429394484508197e-02
6.751911061122661817e-02
9.693864330378898497e-02
1.482713689096950560e-01
1.300681513143733259e-01
1.211345278427155003e-01
1.197026705398329671e-01
1.005403658586867532e-01
5.617011141631544913e-02
3.931134726198992624e-02
5.635498245063041978e-02
2.734285692844551363e-02
1.026618161237602411e-02
5.571530646204669868e-02
4.772462177704506203e-02
1.589501333380516357e-02
3.386354112013079121e-02
4.192286997728134068e-02
3.999131768311514623e-02
3.357119918304030115e-02
3.369546686033786376e-02
5.999787688516056150e-02
7.256782622617241607e-02
7.278214334279675679e-02
4.934340247343194097e-02
5.349946429732388431e-02
7.980561553590093116e-02
5.019815855896214707e-02
4.452585881261184042e-02
2.664713559996190195e-02
1.215825721481234023e-02
6.104375002336293043e-02
6.389241876321749558e-02
6.869664605920133837e-02
6.437706404597776100e-02
4.126626653707921033e-02
4.494557110502184205e-02
5.659364115851261978e-02
6.681777740550343125e-02
6.418502752992871763e-02
7.271310177128897934e-02
3.588611624814097567e-02
4.094269962285412845e-02
3.027762054187010943e-02
2.271467909768154492e-02
5.716719274220816160e-02
3.770293983941053195e-02
6.595731551784145275e-02
5.221212748136727644e-02
4.960022933566887726e-02
4.908023484500501077e-02
4.118303907538545250e-02
3.659001248436810627e-02
4.683676622385968269e-02
3.234266083220338484e-02
5.553620182521168402e-02
5.312611741760797646e-02
6.374372379147941192e-02
8.055184243944324418e-02
6.128230182054228425e-02
8.406574155210522203e-02
5.306592363252415900e-02
7.172098544303318057e-02
5.698462134735249318e-02
6.280947711041928727e-02
6.632562708143585617e-02
6.037342345958285339e-02
7.102102516890118622e-02
7.170532373758586875e-02
7.717744014025318400e-02
8.959174059099284104e-02
7.483246150889433235e-02
8.822190510986771539e-02
6.045706718751109321e-02
1.300876986561586568e-01
1.737789219426599807e-02
9.981177090737958224e-02
5.778198627150721300e-02
5.384992639990904273e-02
6.322230844689735729e-02
3.500604802876738919e-02
5.799379215137290267e-02
2.125507008980909163e-02
6.276446402170199335e-02
3.464893467207441624e-02
8.644793868765121569e-02
7.368168618249759660e-02
1.116702943464304987e-01
9.580321860290408331e-02
8.712176181670649999e-02
5.920443966229271826e-02
3.002114370555464262e-02
3.290650994856381129e-02
3.759606011618643606e-02
6.636812855950791068e-02
8.361256818535811597e-02
7.945264738161894602e-02
7.355203833038759242e-02
3.643899393263472231e-02
3.340111263499634386e-02
3.533095839065636401e-02
5.422404216492426876e-02
8.667882921281677699e-02
5.681284145044041001e-02
5.734326073735729334e-02
2.298782927131259868e-02
4.880014347008632125e-02
8.325028231499653764e-02
7.303023395820773533e-02
6.956284850569049993e-02
2.741054530778019860e-02
5.050743025474502268e-02
7.975080337244544459e-02
7.759091293203557171e-02
