1.761605557356376028e-01
1.756525268006710050e-01
1.751748716083263435e-01
1.745458241847368530e-01
1.737324888743410067e-01
1.727075579955170692e-01
1.721511255595690182e-01
1.702602703334668011e-01
1.684636907300824937e-01
1.671081449098150706e-01
1.649528475144962369e-01
1.624999416057891777e-01
1.602318275680458814e-01
1.579033456220595433e-01
1.554750012221095545e-01
1.524173134816488862e-01
1.495149592926081628e-01
1.459773644768056489e-01
1.424015603991112267e-01
1.373635459078028642e-01
1.342281651470258463e-01
1.297716263308552609e-01
1.248054962707236815e-01
1.200527497250157838e-01
1.138419737226137318e-01
1.075970236549833592e-01
1.030489140632686595e-01
9.808585297691807536e-02
9.299602556721142665e-02
8.963507456117159045e-02
8.795725058071912628e-02
8.144850164568007145e-02
7.807185025825358338e-02
7.323413688119906340e-02
6.894517087805585032e-02
6.575780778951201277e-02
5.987937589228775614e-02
5.424701562576939029e-02
4.924688930790177555e-02
4.503243347863539192e-02
4.153748343426688638e-02
3.937842816671566215e-02
3.877571631061871305e-02
3.868981219213984968e-02
3.677371959440023375e-02
3.191571575887541812e-02
2.809230431709963671e-02
2.791742628226301370e-02
2.546994407482761069e-02
2.323493274502230754e-02
2.405957680067249971e-02
2.565245416638217701e-02
2.726801998039263264e-02
2.286717063600440802e-02
2.192794277696286098e-02
1.942672027963654457e-02
1.709860505116966856e-02
1.800394623360490609e-02
4.512795112589151891e-02
1.676025041457185338e-02
1.592221669739468659e-02
1.906890289379647996e-02
8.663401803565506931e-03
1.002722903019881429e-02
9.288150161720132303e-03
1.116024463541742673e-02
1.580606382630500573e-02
9.594626664108596437e-03
1.065532845595607014e-02
6.891056241161486184e-03
9.522906808436260029e-03
7.720771934140668868e-03
9.147287788029645483e-03
8.608724696462899395e-03
5.768500356761241399e-03
7.315435379943280303e-03
1.535641769180440264e-02
1.897585492500686311e-02
2.089380088742431862e-02
1.769369172132007062e-02
2.042121835609511660e-02
2.612066137017521328e-02
2.509852056179584512e-02
1.585372638115711830e-02
1.429386762863482652e-02
1.440845963310266598e-02
1.477442016245811285e-02
2.070809344105828398e-02
1.312381398959716616e-02
1.080231156338085086e-02
1.604525244625676361e-02
1.835341770458931432e-02
7.342985929920664567e-03
6.843610886337780919e-03
1.292801153477973752e-02
9.742752013572442138e-03
6.769956624455675254e-03
7.619512475338763302e-03
1.495094809391084301e-02
1.971467502919144188e-02
1.774127423908977708e-02
1.823575613916950111e-02
1.937938173448061630e-02
3.092282256230693971e-02
2.459844043183889717e-02
1.832055438278223924e-02
2.923890267220019545e-02
2.401476347548725521e-02
1.567800461261814604e-02
2.279764913812787341e-02
1.812808829433454338e-02
1.259764311718980512e-02
9.549669519316683619e-03
1.380494083448446929e-02
1.440277988786764496e-02
1.044030131797546446e-02
2.143747298547271640e-02
2.669542614569286876e-02
2.106748328555940741e-02
2.098795379491857904e-02
3.671410223441340381e-02
3.226503561234084216e-02
2.510116968018605288e-02
3.122156827428845816e-02
3.541463148984602682e-02
3.180236520421242385e-02
2.996659873303408883e-02
2.195256341233309261e-02
1.329969808894038152e-02
1.754010059335753269e-02
1.819228284507989901e-02
1.226978222115771011e-02
2.968861148813006778e-02
3.420071633654042653e-02
1.431382287554738841e-02
2.468630335605448423e-02
3.290861120470311985e-02
4.168886654282544235e-02
6.610420841017905502e-02
9.401251544151334461e-02
6.080992160815967829e-02
7.260177915766474754e-02
5.054044562832749055e-02
5.306506044451664295e-02
5.110423378977635434e-02
4.253205476121613149e-02
3.692062564401599190e-02
3.540508822343646500e-02
1.746267119675781743e-02
2.622194895160112615e-02
1.570295830142343085e-02
2.007487334839586079e-02
1.799977354191362178e-02
1.318335959297223248e-02
2.616401144223567954e-02
2.016582248221188145e-02
1.937229527535699880e-02
5.293670446564946452e-02
3.200468793891286801e-02
3.798875740184648464e-02
3.290181523132817976e-02
2.248733896936128129e-02
2.181472892752767123e-02
1.685463624822580719e-02
1.927954261351982890e-02
1.608999392253451788e-02
1.681339933236758455e-02
1.629272715156837581e-02
1.483995627346612611e-02
3.830315928893901489e-02
2.225998124433814507e-02
3.806934044153842400e-02
9.362832636055418156e-03
3.463974270144476453e-02
3.116777076708832084e-02
2.185386310425263545e-02
2.406523688371342562e-02
1.262735540238646426e-02
3.110858441513175698e-02
1.936142359768711074e-02
4.344872698282919998e-02
1.081057506111782196e-02
1.488390863699151634e-02
2.757004364913862027e-02
3.992446187703269089e-02
1.516851402585173147e-02
2.351457541600188161e-02
8.812026979229226065e-03
2.116716321684330993e-02
3.590320372456401454e-02
3.740220659910864498e-02
3.221838877658134148e-02
3.361470483178807811e-02
1.067329988327403445e-02
1.768679735162503874e-02
3.153252354664559665e-02
1.936664294566936562e-02
2.786908840543889099e-02
3.762481155753782947e-02
2.279832779672141818e-02
6.569346356543936949e-03
2.770618344968212021e-02
3.440797684265095580e-02
3.910096627737269515e-02
3.277627080085310229e-02
1.879897425739041061e-02
2.934277912985028269e-02
1.460023051143222172e-02
2.287270716027256512e-02
1.961853777421085354e-02
1.636310653280165228e-01
2.849976942062326657e-02
4.549929748179959432e-02
3.535981085710560023e-02
3.464380711491088505e-02
4.098674539294433483e-02
4.194707435908384685e-02
4.931177482254678335e-02
4.831606535015076087e-02
6.043367195686422111e-02
5.677014154462489692e-02
8.121653469594736219e-02
5.173480675980768329e-02
6.284720294722878631e-02
3.414191625416429510e-02
2.187911089734329018e-02
2.484721763040209641e-02
1.707122300118502078e-02
2.257356921244668690e-02
9.080759689552242442e-03
2.033300693014450378e-02
2.554791382759402651e-02
2.401082857395053782e-02
5.638146514841635426e-02
3.719870645136535980e-02
4.094406730556432450e-02
5.171575043695619822e-02
2.555353318396047513e-02
4.604423324846695920e-02
4.401073922567377839e-02
8.884435743738094970e-03
4.309534650592583560e-02
1.736144747051193704e-02
3.246280147501834357e-02
2.438714411842735075e-02
4.805170559397109464e-03
4.335923105880701289e-02
2.438688582789549919e-02
2.347958324326948620e-02
1.709293563684410877e-02
