4.044416935403029045e-01
4.072554767812694987e-01
5.508878615594485773e-01
2.961653349729418405e-01
3.803281779442697630e-01
1.506323205375658114e-01
4.369279662141728471e-01
2.582273050669438019e-01
2.496281856668975951e-01
2.460974253058290095e-01
3.832611998389728880e-01
3.174555297462992032e-01
3.286712607723599744e-01
1.733555484984624639e-01
1.696752320940337899e-01
4.957203923189725803e-01
3.300753156193904081e-01
3.541230412947057316e-01
1.382763425881822217e-01
6.824147305244254724e-02
3.475661093335256080e-01
1.713727880401696435e-01
2.121415533118383712e-01
3.105837990604582988e-01
2.575067291305116468e-01
2.172736887604296285e-01
1.727137963292296741e-01
3.660514321480841105e-01
4.693655287461406811e-01
4.650556271588037749e-01
3.870312171286335312e-01
7.707500655913446241e-02
2.192051102435247367e-01
3.203294312498639052e-01
2.069967833409791513e-02
1.832336423765135169e-01
4.119382695526907501e-01
1.505757978853942136e-01
3.596160007917459378e-01
2.132088486067349464e-01
1.543877927871130096e-01
3.173001800998698219e-02
3.961844554240964156e-01
1.551590910729399031e-01
4.361208509585201565e-02
3.825588580822407714e-01
1.643185776857417624e-01
2.314335884007878708e-02
4.001060733569128391e-01
2.158262022055312812e-01
7.699978091094661359e-02
1.805064873391037938e-01
2.733381185247943934e-01
2.733986820225569048e-01
2.763957170122174345e-01
3.730948787586049198e-01
2.768425861120764608e-01
2.350226079028977511e-01
2.256316799277563456e-01
2.646884224375914973e-01
2.910185156992579625e-01
7.053225657109629676e-02
1.499847910996376932e-01
1.374410444432827560e-01
1.504969117561554270e-01
1.533400323393775411e-01
3.878477051744200210e-02
2.445600932988123422e-01
9.762690197082890542e-02
1.875106375984618712e-01
1.098910711976723853e-01
2.682005826900955014e-01
2.198977953861664947e-01
6.600547727704941803e-02
1.202534691358418950e-01
3.435162787482463065e-01
4.054621500930177813e-02
1.508576189331121142e-01
2.671652403811473064e-01
1.166102669652033796e-01
1.517255525892855506e-01
9.591817591323614778e-02
2.721161318904753434e-01
1.718649513380728910e-01
3.516372876373111689e-01
2.060829907099620550e-01
1.516708540344711142e-01
2.414486792308676577e-01
2.970323379191220914e-01
1.667101318751094130e-01
1.651583111120263903e-01
1.987684311356492373e-01
1.085736368065129964e-01
9.706413595519203241e-02
2.609731890525672782e-01
2.408586020587066834e-01
7.466054396631305323e-02
3.300786127866600639e-01
1.619206206042954621e-01
9.119159283469102650e-02
1.180444417338784024e-01
1.046870073566366077e-01
1.763927990489089215e-01
1.324649314226862273e-01
1.271498659337833015e-01
1.626320673375031278e-01
4.770090973223473085e-02
9.367400006466708451e-02
2.356515148943996163e-01
9.242120906282658144e-02
1.521193221751413471e-01
3.604763676235800407e-02
1.428149402167224746e-01
1.207672297845885367e-01
2.292817445540219490e-01
1.720049072053335681e-01
1.610554923119822401e-01
8.942311473482911222e-02
1.411458150989403082e-01
7.211218996569124240e-02
1.908049994244441772e-01
1.327805205392372789e-01
1.495229815516543326e-01
1.883583671362354384e-02
1.198665627184130056e-01
1.252209310570110423e-01
1.040573930622117338e-01
1.653025593965807838e-01
1.254821673153406758e-01
5.432396632027869376e-02
8.625279278658415372e-02
1.363371725782831501e-01
9.484067281921682024e-02
9.755296050701944832e-02
1.574244692471559182e-01
1.936662833516011872e-02
8.942676757870182680e-02
1.783832875175624944e-01
1.282550104854084383e-01
6.828590512200427565e-02
1.361887474421231703e-01
4.845256073403947372e-02
1.029846679102583984e-01
1.786035073366558645e-01
9.312199708411472709e-02
5.514909943479173737e-02
1.266638637288571845e-01
1.531016548811300337e-01
8.319794018769655075e-02
7.862662005374310148e-02
1.529472820554469426e-01
6.891249694112910884e-02
1.141118963851724954e-01
1.716346309829590577e-01
4.206797244423310378e-02
6.301937749311148362e-02
6.829774452723702538e-02
1.590446109243661699e-01
6.190532191426278974e-02
2.592976804100410870e-02
1.414352101590479194e-01
5.044433703657658086e-02
6.876997515204541500e-02
7.002677647255528548e-02
1.023218389879018142e-01
8.223645874397556010e-02
1.388656454101193649e-01
8.170752506446843366e-02
4.170122750523519439e-02
1.016515573778939974e-01
1.374693811103812058e-01
9.810438703215584866e-02
3.742523349652771003e-02
3.013330936147873285e-02
4.479923780403816114e-02
6.584805965828000041e-02
7.418143463778048563e-02
2.263339942686148909e-02
5.061807643181293059e-02
6.972241652404664869e-02
7.155841092089609834e-02
4.851923994321838407e-02
5.972942779498924271e-02
5.768305484295144225e-02
9.043045629796575557e-02
8.000053933205919510e-02
4.822703619215673587e-02
4.808385392510838852e-02
2.005815328906002115e-02
3.055385629436657702e-02
3.621652620588533544e-02
6.616645922970865179e-02
6.999415489172367000e-02
3.708852606295764964e-02
6.746120364414021076e-02
7.499401526219784397e-02
4.930115059148310053e-02
1.879257124354682951e-02
2.957437122863182388e-02
2.374497605776015874e-02
2.408256250078133487e-02
3.095285217624244023e-02
2.887137837567721466e-02
3.099841661258728731e-02
4.087800484219661357e-02
2.974812556334904823e-02
4.154506963344350989e-02
1.959163264961316653e-02
1.867815555803520322e-02
3.415970526661815665e-02
3.784226018205560926e-02
3.590750632457939684e-02
2.357489029430503980e-02
6.910936293240477202e-02
6.251274979964505096e-02
6.156938391520638820e-02
2.221538688542712414e-02
3.286031585167070723e-02
5.913658614590244778e-02
4.541473308701327039e-02
1.959456006408333284e-02
2.833980220506271408e-02
3.749321670741589951e-02
4.494056007171387535e-02
5.533442548633360492e-02
3.374662750120904775e-02
3.404917732462342528e-02
4.699095694768984366e-02
2.945810374434743029e-02
3.374390894901257987e-02
2.993979345289832228e-02
3.094900466059302691e-02
7.283268179915469709e-02
2.346157571232587724e-02
3.321539422532127084e-02
3.607592854244057179e-02
4.508699350282130425e-02
4.298215222544710112e-02
5.733156083058787988e-02
6.321010711826913209e-02
8.661672120147811960e-02
9.933310452292531956e-02
1.180333787329049811e-01
1.426668132230314301e-01
1.607351039834551409e-01
1.704011895932170395e-01
1.796835353896659715e-01
1.872859673061069152e-01
1.935052118339848359e-01
1.976448272077990786e-01
