1.932059029905780489e-01
1.923014795773816399e-01
1.924921509450181478e-01
1.916736863153740700e-01
1.910548867156118824e-01
1.903069777257163642e-01
1.888662074716198624e-01
1.882190681266667776e-01
1.865452092090207348e-01
1.849683816868709085e-01
1.833736736687924251e-01
1.807037353797937840e-01
1.805644954839278338e-01
1.787472196175287076e-01
1.761105895398520360e-01
1.736463195158028938e-01
1.730778816340323711e-01
1.697091740878095001e-01
1.669955470670098086e-01
1.628909534116689262e-01
1.607968625744551350e-01
1.565111793114448702e-01
1.514033016953135746e-01
1.440168557175663944e-01
1.395433376460427644e-01
1.314613153984760530e-01
1.247926576037242663e-01
1.201037218017836361e-01
1.144249531248758833e-01
1.088016741782980024e-01
1.037212032141823226e-01
1.016948516258141533e-01
9.836226790859381452e-02
9.642666857382742318e-02
9.322622818671377765e-02
9.180456444106699365e-02
8.462202116699668597e-02
7.986599113219994273e-02
7.668385471256011776e-02
7.058197961534540266e-02
6.588441482517903847e-02
6.419687091001302637e-02
6.088044430383110495e-02
6.211787659149847762e-02
5.807164804766773436e-02
6.138052225951873275e-02
5.006569762571166926e-02
4.588006758253260209e-02
3.695473570035345823e-02
3.693892573561474713e-02
3.604636344195444320e-02
3.549060687339111730e-02
4.325516756377323357e-02
4.431445976024095401e-02
3.622080177493958164e-02
3.213436895507382207e-02
3.196204134520441720e-02
3.356336221764244510e-02
3.967554348910462547e-02
4.531051592018731089e-02
3.608014312490026576e-02
2.933616734322141983e-02
2.174585909379700421e-02
1.670359388558240177e-02
1.636138396837216735e-02
2.625560544833893672e-02
2.232973762736467638e-02
2.735624264737568367e-02
8.296244211719094874e-02
2.547209637292990880e-02
2.825829864528339730e-02
4.169927750587476556e-02
3.483214772318743435e-02
3.305032372165084276e-02
1.726797839072768959e-02
1.342970848744340362e-02
2.000746264052566392e-02
2.815819286714715819e-02
2.306164362125218137e-02
2.628077012565666060e-02
3.001473228700979323e-02
3.767650097524355424e-02
4.789870070976920413e-02
3.471536882448522654e-02
2.348929551567435769e-02
2.674557112605824294e-02
3.599337319278494984e-02
3.568987273095214352e-02
2.377005497257878019e-02
1.822775041469482105e-02
2.974981538005383452e-02
4.647345903064581396e-02
3.102162455026424848e-02
2.543123860507423561e-02
2.055701385327601827e-02
2.009846959315764181e-02
1.979180305361416536e-02
1.895564516737224814e-02
2.252008465111132729e-02
5.014044182690169382e-02
4.423700292337073847e-02
2.439712315801989551e-02
3.299534994192232507e-02
4.709190081608116696e-02
2.736954932895208081e-02
2.572616420139806070e-02
3.692545853189221905e-02
3.557978653526649993e-02
2.961102711688423650e-02
2.433576981439333764e-02
2.455275713083604483e-02
2.603890656824703331e-02
2.082298675508775787e-02
2.247283606881333995e-02
4.369284298145037493e-02
2.023582699868131662e-02
1.477067406461141097e-02
3.054803516124116047e-02
4.395254613474530725e-02
3.160425058454563452e-02
6.028138127270954438e-02
4.409939232978088430e-02
3.469168125474009212e-02
3.124049130932360363e-02
5.589125521840343502e-02
3.449105383048800544e-02
4.374473366251518947e-02
4.037963747594830455e-02
3.324316157045414943e-02
1.525558667776560906e-02
4.166896596540670128e-02
1.970842423360275042e-02
3.645464098003625697e-02
4.148850439937235013e-02
3.595690692243247444e-02
3.271354038835172506e-02
6.199677820170068632e-02
4.427791122217905606e-02
7.838348867353539529e-02
6.121064156670641410e-02
6.001487932230487043e-02
7.009624568772043762e-02
7.079876447782740279e-02
5.128799635963210424e-02
7.587660453193445509e-02
5.965268851790750393e-02
4.507666540372434749e-02
5.590976959949667258e-02
3.027420941776859387e-02
4.764451687734116980e-02
2.271704517844319593e-02
2.368633053786550757e-02
3.378086015539794040e-02
3.057684497001289525e-02
5.532444997521701602e-02
5.258345823383070439e-02
2.262528220182802308e-02
6.429732100255214355e-02
3.329982331806846663e-02
4.662136008148043409e-02
4.181663489560216718e-02
2.668526481495381297e-02
2.882013863090160388e-02
4.045836265260416287e-02
4.957055543120303387e-02
4.351620913558673642e-02
1.687882255597561443e-02
3.994392622236586643e-02
1.932577626447451458e-02
8.246526397470477221e-02
3.718589740145183953e-02
4.054695868820912263e-02
3.519419181643068661e-02
4.562260847123789098e-02
5.084939901602569812e-02
3.272387194861914317e-02
3.841775295911808996e-02
1.901993470326790447e-02
6.344882499349069338e-02
2.739589204949022250e-02
6.319789463802016893e-02
1.984545655552305554e-02
2.871516858745248868e-02
3.240815307959721281e-02
4.960609316056419082e-02
2.747572962451527712e-02
5.085512087089416600e-02
2.645547825906024997e-02
1.381799647874448755e-02
5.917249888030462479e-02
6.117488953103955573e-02
3.092124707539645190e-02
2.058372433905975019e-02
2.718840137766165288e-02
3.610634591873573829e-02
6.562803921372073468e-02
2.771721737947019371e-02
3.288148984823358045e-02
4.343838497829843881e-02
3.147013842159052111e-02
1.611389337286972534e-02
5.910394973926680340e-02
3.649597226087952784e-02
4.587170640665860777e-02
5.071075968778948617e-02
3.121907521569888821e-02
2.973490958999247535e-02
2.607505393309839103e-02
5.156223316715180527e-02
5.470482260590558976e-02
1.523170063537079288e-01
2.178343029695473110e-02
6.750412963133889388e-02
5.722561149337934694e-02
3.600475069404596162e-02
2.850553298152791459e-02
7.623473838440275596e-02
7.732751512411739636e-02
6.813923441279223780e-02
7.647127980552459459e-02
5.497279790794418197e-02
1.192137099862212724e-01
3.323782750591619539e-02
3.976008523998519895e-02
4.237917029510662736e-02
4.331073150539255234e-02
2.452978788412096822e-02
2.544062765849952612e-02
5.712635992532877349e-02
2.643704534192836686e-02
7.386409061139320720e-02
3.898177551747217251e-02
2.777091023942135362e-02
1.020911516108639061e-01
3.772805854775651557e-02
6.628508383709175167e-02
5.841227521423553171e-02
3.548700287127459774e-02
6.374060352502131099e-02
2.271750848671549861e-02
2.325059955215980079e-02
6.231352106523724288e-02
2.236406954120173651e-02
3.365607993529584618e-02
3.696651107527404445e-02
2.780601135517668521e-02
4.531978309022088869e-02
2.209976365999899439e-02
5.466618196995509660e-02
2.581706292629804000e-02
