1.976448272338189316e-01
1.961035604689075340e-01
1.955323966541231417e-01
1.944966715475212604e-01
1.935455033251826107e-01
1.923724006981930579e-01
1.915522983656038347e-01
1.898434626337421882e-01
1.875152723176876091e-01
1.859623941834933625e-01
1.843166420390740523e-01
1.817409200691391113e-01
1.801751233789615769e-01
1.779630987825080446e-01
1.754813486440812698e-01
1.731266447476784709e-01
1.699509483289262102e-01
1.686095157590150606e-01
1.659969787635094951e-01
1.621366717468891716e-01
1.601422143188109271e-01
1.572083395634940040e-01
1.520013475518291468e-01
1.497116439339581939e-01
1.438210844466403238e-01
1.380950223663246490e-01
1.301911568821765286e-01
1.249107086167835501e-01
1.197168667164588696e-01
1.119715762513751045e-01
1.077303406963339150e-01
1.030760973787323564e-01
1.000817048823655631e-01
9.745435899140053593e-02
9.518946727800770002e-02
9.407341190296458766e-02
9.434210851482061067e-02
8.277263397722833815e-02
7.728745296711003743e-02
7.101476631168768261e-02
6.498764171332516160e-02
6.210241726696752451e-02
5.761193564101763087e-02
5.918759326222777783e-02
5.973729082104761723e-02
6.293441681975142643e-02
5.682178383628477825e-02
5.516802583200552945e-02
4.551030914020215423e-02
4.342608459654029307e-02
3.978494213562711046e-02
3.835229477648682828e-02
4.559847964980601187e-02
4.947228294020644679e-02
4.221289205735534455e-02
4.072014902461118524e-02
3.144883923564711914e-02
3.087932941706683643e-02
3.214535719961630900e-02
3.544659054205911985e-02
3.550396861540172644e-02
3.838452007492698659e-02
3.477422972314681004e-02
2.438993459826654941e-02
2.299633263410072459e-02
2.457354729837213370e-02
3.774099722755597242e-02
3.539057482520102660e-02
2.885918436462409087e-02
2.228651243515522573e-02
2.302261801174299016e-02
2.329614568888238590e-02
3.355977275939836524e-02
3.972944414633117205e-02
3.257851263981526024e-02
2.404160499058849432e-02
2.932563853172187596e-02
4.658810195694174094e-02
5.171591514450835092e-02
3.843286544863244725e-02
3.087878586265846437e-02
3.809750311600768047e-02
4.192045347349893092e-02
4.402115516638127612e-02
3.122689003682721509e-02
3.180792099896334602e-02
4.389615004204650006e-02
5.219556543755143885e-02
4.949369509081069651e-02
3.062933241150511687e-02
3.206240406791860398e-02
3.623322770274506333e-02
3.715855541161106057e-02
2.582691957914440284e-02
2.548249050093243095e-02
4.054689052865612098e-02
4.601370391508052826e-02
3.740874887363421220e-02
2.233050876202125057e-02
4.675542031115831332e-02
4.895757958148727607e-02
3.418281514566323676e-02
3.022935608878118963e-02
4.646326894343388858e-02
5.715614454137352141e-02
3.059824837789670848e-02
3.662194419119491062e-02
5.217880483536574410e-02
3.578332303386355662e-02
2.881576426741649932e-02
3.461801854663781874e-02
3.784878044809081299e-02
2.274221444305379869e-02
2.316885126141088325e-02
2.721005059581660390e-02
2.903765682613335120e-02
1.579359079581432734e-02
3.056476964594245782e-02
3.836776732973401494e-02
2.886493644969401196e-02
2.879787826769564241e-02
5.751280858741991686e-02
4.190026115637324189e-02
3.272614734552659055e-02
4.448410316275175358e-02
3.773215095799353769e-02
2.913605978795297258e-02
4.128019104509972337e-02
4.879076480123156756e-02
1.608979889705897115e-02
3.542926425539694169e-02
2.938768197110908087e-02
2.102621417362848799e-02
2.481276275041366386e-02
4.821711184272869932e-02
2.824360227092304054e-02
5.402366931182067677e-02
6.303588273987970059e-02
4.593422302197291973e-02
6.625166094783185855e-02
6.388010731805271458e-02
6.672620978965237981e-02
7.764846129296354427e-02
8.111959429156478940e-02
6.291587215817473488e-02
8.796855689891192043e-02
3.702042807511796152e-02
5.760775487413549723e-02
4.999360580512690611e-02
2.140099916920412682e-02
3.823470469513423620e-02
3.174685392650566929e-02
1.988181208586614623e-02
4.147851011258263387e-02
3.797410632607078895e-02
4.059186153453797630e-02
4.873019934281419552e-02
3.149138663786721359e-02
7.370305707988988875e-02
2.660579495777171122e-02
5.674912447436730734e-02
4.735689988068303435e-02
4.012449405418760939e-02
2.868136380676289399e-02
2.389940081575314679e-02
5.226882137973398734e-02
1.327614448738412278e-02
2.756245620803776664e-02
3.043601020195285667e-02
1.123555361680306230e-02
4.076285623080033726e-02
1.364496199620901518e-02
2.179500991689820033e-02
1.950845662456601737e-02
1.875695553487832790e-02
4.050322421422014596e-02
1.697562506803440563e-02
2.437420462400086141e-02
8.434497671345964065e-03
5.374553907992551949e-02
1.770874249547726986e-02
5.555719898506084053e-02
1.386206739974460422e-02
2.940183170578281047e-02
3.590858941167673901e-02
3.680586429807308768e-02
5.393804783012834392e-02
4.323782098672612761e-02
2.586303475237172744e-02
1.887790415782697462e-02
6.017643116920046165e-02
1.826933907673145008e-02
7.562692410962512657e-02
3.584749200157977267e-02
4.527010399708675248e-02
2.173777091924178340e-02
5.275183541709482782e-02
1.475157934208692900e-02
7.357119954247626215e-02
2.420076878514254570e-02
5.382220489476230441e-02
2.331786357344101113e-02
2.677714156725430339e-02
2.180034504941541496e-02
5.283529015819132812e-02
2.100306579496324932e-02
4.785673703493009690e-02
4.447694444926653112e-02
2.219683249400494773e-02
3.351760314134089036e-02
1.239946697630700534e-02
2.643206617285065452e-02
2.294558724822615137e-02
3.867204533410495415e-02
2.864396969218885314e-02
7.655371006005518009e-02
4.566208847202679610e-02
7.926046156875454773e-02
7.585629559736384309e-02
4.635098603246723403e-02
7.885013523347472741e-02
4.165452358669208266e-02
6.077029876210560122e-02
3.578016123672955739e-02
7.468653015122539429e-02
2.885572438602712619e-02
6.992899212783454388e-02
5.389718586268921197e-02
4.648447318444048904e-02
8.816782694651548180e-02
3.646154322895622801e-02
9.363655933968295653e-02
4.487404785704218746e-02
5.366356107900194239e-02
5.363201731914524206e-02
3.059467908814550441e-02
3.027031777888211650e-02
4.551921640377354361e-02
1.511754135528886600e-02
4.094881733671984492e-02
1.536223837315509044e-02
3.609745671262876154e-02
2.129271674298793826e-02
2.284355344179278546e-02
2.578801375023120901e-02
1.716747187128098151e-02
5.728444438070157130e-02
2.887961032369434911e-02
2.028498954434332369e-02
4.786190605630358252e-02
1.735538533347247281e-02
