1.132170182138596548e-01
1.320913170069788478e-01
1.172691135378729488e-01
1.214820557757974040e-01
1.065792345322521539e-01
1.169001113934167169e-01
1.058030260424017710e-01
1.192880798069773096e-01
1.053230933700538552e-01
1.125977237458420932e-01
1.054258211530151312e-01
1.133197772395415637e-01
1.070407737482012012e-01
1.115203275303199293e-01
1.040912018533209915e-01
1.119796535076020838e-01
1.047334759491331813e-01
1.096872661104487667e-01
1.047081432101041321e-01
1.089130581611267301e-01
1.063551947640366535e-01
1.083969990080937418e-01
1.062157311903404455e-01
1.088292302351596685e-01
1.054147074596895051e-01
