1.136807927199359192e-01
1.120110507540512668e-01
1.099151766652622930e-01
1.081712772804519496e-01
1.093642986538149176e-01
1.118998685805977500e-01
1.158403640025258419e-01
1.213653501252686118e-01
1.250797307058459928e-01
1.328457308552104532e-01
1.341431586523430530e-01
1.325142507690244553e-01
1.328731127192035455e-01
1.339132318013288581e-01
1.325198341861375528e-01
1.303313551497048417e-01
1.272512780703082269e-01
1.249338882161863395e-01
1.231824336393425590e-01
1.216020646101579894e-01
1.201597396903366644e-01
1.192166558381250185e-01
1.161604029101358515e-01
1.134043970446481087e-01
1.117546869940901910e-01
1.133455709966967317e-01
1.156006973724517106e-01
1.161878820549862024e-01
1.161166694377367969e-01
1.163268385929544513e-01
1.180782914104089310e-01
1.205688656020916794e-01
1.226343886734490018e-01
1.277328637453702953e-01
1.305947840293502082e-01
1.293402275706382332e-01
1.274082771506905853e-01
1.230044793158229233e-01
1.190258774484920234e-01
1.165039453601564023e-01
1.102035521043586153e-01
1.109016314375417256e-01
1.094977126571184955e-01
1.088530497049724488e-01
1.118875601271941411e-01
1.118413888180366245e-01
1.125345492049923957e-01
1.133848165182703704e-01
1.141676376096181222e-01
1.122104189479614655e-01
1.139282320920724789e-01
1.138118430937148373e-01
1.190064434825018891e-01
1.201174298342060354e-01
1.249749528417297695e-01
1.282462323379790492e-01
1.269243324535409556e-01
1.253535573854471785e-01
1.230456864314413146e-01
1.203831302060146546e-01
1.165687564987667457e-01
1.131659727148669470e-01
1.088512574892877005e-01
1.077303406963339150e-01
1.072952109529110576e-01
1.066433049687737222e-01
1.068451863439816574e-01
1.069164600159343559e-01
1.077748726067343510e-01
1.091977858695482029e-01
1.082502667550662157e-01
1.123947163790017800e-01
1.158120203559344086e-01
1.180891097875524931e-01
1.220378416472308603e-01
1.207401165550319178e-01
1.246697095035300684e-01
1.237014360759660647e-01
1.218286444072761432e-01
1.192279243896358087e-01
1.151197999019175633e-01
1.129569968639447808e-01
1.125279144486026617e-01
1.094095614222097002e-01
1.094336445045738238e-01
1.089284278874389500e-01
1.091559975571685381e-01
1.097740426343564168e-01
1.106212177476697534e-01
1.112330443435393112e-01
1.093024078693787260e-01
1.110310118964444870e-01
1.110315909727234152e-01
1.137858745179544107e-01
1.158989904133073123e-01
1.152806260248873116e-01
1.172355182222343251e-01
1.173904950632314037e-01
1.173426836194217948e-01
1.158257072805608523e-01
1.150226074105775709e-01
1.135665117145872038e-01
1.122265576376487717e-01
1.111719003424650465e-01
1.103643932367375236e-01
1.100743300313422601e-01
1.096233324314467295e-01
1.096652082290949792e-01
1.095170456401927117e-01
1.099378760260125709e-01
1.092763413860287081e-01
1.107191490255700073e-01
1.132696213455524070e-01
1.143600506526616378e-01
1.128414614129427118e-01
1.141654065873145552e-01
1.157943861142770592e-01
1.165854452503904959e-01
1.161497889437103082e-01
1.157957642200223569e-01
1.145220153845443178e-01
1.124132929421420846e-01
1.125592029146200712e-01
1.116589810070052202e-01
1.092050445310015494e-01
1.123300107336527853e-01
1.127166062528408563e-01
1.104162741692014116e-01
1.117689044894752959e-01
1.121139316648316342e-01
1.120028248674377336e-01
1.134031395871786252e-01
1.140924894790770194e-01
1.110734451605728257e-01
1.130002300086369038e-01
1.147891004245638058e-01
1.129454888990526484e-01
1.138585485488732285e-01
1.154550220193825139e-01
1.152471673815590458e-01
1.150399748043899883e-01
1.124311247154636817e-01
1.120328330047855037e-01
1.113624233213232895e-01
1.114078873036243866e-01
1.098808940859705707e-01
1.079587269107054048e-01
1.080051777547014202e-01
1.081617186787895424e-01
1.093281112919834985e-01
1.089926120022520761e-01
1.088130788435143215e-01
1.090680650035444899e-01
1.096838986887249678e-01
1.109346355578769705e-01
1.101919254557316430e-01
1.120367554022309031e-01
1.124569994046185073e-01
1.140376148783582844e-01
1.144883736566105759e-01
1.138423333080204047e-01
1.130254302831004143e-01
1.124646404853751891e-01
1.117313792156693353e-01
1.104066908677775460e-01
1.104690837041155671e-01
1.086529360136421207e-01
1.074624838373154923e-01
1.089082236065762599e-01
1.090331825634918150e-01
1.103575427605917314e-01
1.107986040803343730e-01
1.105408665678889735e-01
1.122264489432475143e-01
1.097208064804038319e-01
1.115770126579292976e-01
1.102439617388668580e-01
1.120643201918706255e-01
1.135457465927597331e-01
1.132380652538005350e-01
1.136946755342190807e-01
1.195477228953031323e-01
1.117097477827091456e-01
1.126180526279506600e-01
1.118035835705417647e-01
1.107153919966830102e-01
1.102769355178037092e-01
1.084337412903051412e-01
1.109501793566749495e-01
1.098197981544765112e-01
1.107127873857064460e-01
1.104445319194072850e-01
1.105820372705397237e-01
1.113611464041361909e-01
1.133379654345425536e-01
1.096830551557664846e-01
1.114356419571782553e-01
1.103938940790394341e-01
1.123142602208486718e-01
1.131984668125506355e-01
1.135939510513843675e-01
1.128724081791918632e-01
1.125878561438713454e-01
1.113936190216125999e-01
1.120727316416152419e-01
1.108382612127490896e-01
1.110959128208383051e-01
1.113356021709187571e-01
1.101674163156752817e-01
1.114707990509803404e-01
1.101545094592077945e-01
1.110756261034012704e-01
1.113002676705886484e-01
1.122905852488825795e-01
1.113812176221792294e-01
1.101482946602567736e-01
1.135269586901725969e-01
1.106386550477816977e-01
1.123592735570554391e-01
1.137118651874274855e-01
1.117319805020642320e-01
1.129258259750746118e-01
1.125516473256736871e-01
1.126796783273611435e-01
1.184942239951642939e-01
1.111326751578918248e-01
1.124255410438723679e-01
1.106509405894785525e-01
1.099188485386531910e-01
1.084403852842469318e-01
1.097658918237647274e-01
1.104229449507820870e-01
1.101217472930478003e-01
1.105708443425903464e-01
1.104779023294941709e-01
1.104938830531769778e-01
1.113211114763523746e-01
1.111768104072007324e-01
1.095515704684021374e-01
1.113591628113188570e-01
1.128506038096538378e-01
1.125591587104473046e-01
1.121948321575713114e-01
1.121595006192119826e-01
1.115107793387605239e-01
1.117790976345867104e-01
1.114095695287224963e-01
1.091742311062673387e-01
1.096693335255667368e-01
1.103687872890514177e-01
1.111798639845278380e-01
1.096530307120351377e-01
1.099908479665557826e-01
