1.077303406963339150e-01
1.097099460064098198e-01
1.181104585451846489e-01
1.110780553532829673e-01
1.039696330357884335e-01
1.124041174824472744e-01
1.040340884805150967e-01
1.001917153328902854e-01
1.006200220985329352e-01
1.164725306495256740e-01
1.010791307531883065e-01
1.107929364237264513e-01
9.915325144316178285e-02
1.163989111381708019e-01
1.069285484771463901e-01
1.119237050613978157e-01
1.047783041975903773e-01
9.669424528672132535e-02
1.046125938921954601e-01
8.324849664986766484e-02
9.218843408356225400e-02
7.909470649876382264e-02
8.989967802912512962e-02
8.951578504031421080e-02
9.548905878251345847e-02
8.738307369177944484e-02
8.987867197920151874e-02
8.516268287821415761e-02
7.268133806227705662e-02
9.136512858772360968e-02
9.089593356176794980e-02
1.131916589955219710e-01
1.029506548190264326e-01
1.140172609009239002e-01
9.469001060770576572e-02
9.841482158794612189e-02
1.035548435250015498e-01
1.172649230845917989e-01
1.131021388461734833e-01
1.175399642890799790e-01
1.202851458965278342e-01
1.246744321633850294e-01
1.228870086869011669e-01
1.059386871123775276e-01
1.518854856632224637e-01
1.122696680947256054e-01
1.280022179589767051e-01
1.332179098878316648e-01
1.412739633260001737e-01
1.107491317357934824e-01
1.613280775769132536e-01
1.163767726781059775e-01
1.334629152921648076e-01
1.438906581102488147e-01
1.347097480047295681e-01
1.208383813244678917e-01
1.529237424564691139e-01
1.146721054589691091e-01
1.292892591936158908e-01
1.286121277836063115e-01
1.169206218814536902e-01
1.149960736163271324e-01
1.141929359025783963e-01
1.248746901938219134e-01
9.222370942778046476e-02
1.527014533725677969e-01
1.085043473951878834e-01
1.301545547646419942e-01
1.492161555319456712e-01
1.328038591579941974e-01
1.379316309492951698e-01
1.596627605186566878e-01
1.472027039604975052e-01
1.658101867650914052e-01
1.478826344828437778e-01
1.671238589123611451e-01
1.678283891357699176e-01
1.717450481387059469e-01
1.513608036600940787e-01
1.657576059590707418e-01
1.689110635570216790e-01
1.618033110001381170e-01
1.688885770198890190e-01
1.571791307725560749e-01
1.643407261773902617e-01
1.235988080810326295e-01
1.392573998864194973e-01
1.801030026839683940e-01
1.779262309053621927e-01
1.679277479084202440e-01
1.256029717489377528e-01
1.496534369389344032e-01
1.790238193787401233e-01
1.658549310496094664e-01
1.763466548235760323e-01
2.100126822617787159e-01
2.232479626694745534e-01
2.101611839195701714e-01
2.432855437652904351e-01
2.141359338094724896e-01
2.291918309022147326e-01
2.230579430741589375e-01
1.823127657143178704e-01
1.869557582249723460e-01
2.305443262878081878e-01
2.074084191967627833e-01
2.278317751812998226e-01
1.670687561294141865e-01
1.727280822043624209e-01
1.135898984381163990e-01
1.577718009134465582e-01
1.743283458802543651e-01
1.500286426027565012e-01
1.768243790860828391e-01
2.183860065600964351e-01
2.082917160410049373e-01
1.847347505019348857e-01
2.039645417709875508e-01
2.125032577303866965e-01
2.248715919483043058e-01
2.676118915728122882e-01
1.689440645093441828e-01
2.209072393166772175e-01
2.100870115439724684e-01
2.602572069026041213e-01
1.580581085430975419e-01
2.103169936144071439e-01
2.316951461862307715e-01
2.115061146454129126e-01
2.284123341123065476e-01
1.832189124024622418e-01
1.576471591768937586e-01
1.762414499107632926e-01
2.175398816267301028e-01
2.111173537131526556e-01
2.232704694778295806e-01
2.191473073236199776e-01
1.817902055267880401e-01
2.302339770221468740e-01
1.940326201290996089e-01
2.510123729721700503e-01
2.390113536825344553e-01
2.814123188579592538e-01
3.049440784745308664e-01
2.399900371041210345e-01
1.975343222100994778e-01
2.628734974428101889e-01
3.000401503258310898e-01
1.759409647851470915e-01
1.874628110584346530e-01
2.670969402107646884e-01
1.994215418184375199e-01
2.661043718397879676e-01
1.786171684418739192e-01
1.964566467646791104e-01
2.583487314443222438e-01
2.212962206553259481e-01
1.652680123955444502e-01
2.224599247866541063e-01
2.921838801731383439e-01
2.376195205027039625e-01
2.583575050563101660e-01
3.279465260306058116e-01
3.292028614046152990e-01
3.102652685499980301e-01
3.361371811360193140e-01
2.560200361784819023e-01
2.646484678117594358e-01
2.946108944706858912e-01
2.707710548442484599e-01
1.686124024878633554e-01
3.377677504157471366e-01
1.561510935861346594e-01
2.979311932715501543e-01
2.044129551290674307e-01
2.008830899395521730e-01
2.700742130182163248e-01
2.447031399088078762e-01
2.523731344239317220e-01
2.935413152343074872e-01
2.791722907536795528e-01
2.816064859764411121e-01
3.726179622993350815e-01
3.693064134665614562e-01
2.169851570537137952e-01
2.725120071490529927e-01
3.281643209681923690e-01
3.043123842657058375e-01
4.013728335383647261e-01
2.488884219376792384e-01
3.643472399466737288e-01
3.649471271152973095e-01
2.730871906312434261e-01
2.360269811799351469e-01
2.869016585580906886e-01
2.108185006095507630e-01
2.094819093497500839e-01
2.789260643900987047e-01
3.217255499882153424e-01
3.242565702335140632e-01
2.163306501261552661e-01
2.893839650107287165e-01
2.440490583843573091e-01
2.926215891229829724e-01
3.585921768047725111e-01
3.799152681671278398e-01
2.476618310510101395e-01
2.957780720706371103e-01
2.807947368746871453e-01
3.710565944737268529e-01
4.100018420804328878e-01
3.441585223239738145e-01
3.241253023346406525e-01
3.611657616063972398e-01
3.414731552603964548e-01
2.835619182060273857e-01
3.897173928569697132e-01
3.318147789793357560e-01
3.720570737201311928e-01
4.022348580080151725e-01
2.757449165245016154e-01
2.454522018113532988e-01
2.697135066202585030e-01
3.203803671092638750e-01
2.511722565212356484e-01
3.419651151280412860e-01
3.404370494204959074e-01
4.113081607673076956e-01
3.451799324214126496e-01
4.220323384087789620e-01
3.827786547404757878e-01
3.409398388873319252e-01
2.756507711290420160e-01
4.599954725121736532e-01
3.490335484956420542e-01
4.276430732050320316e-01
3.562624728100421967e-01
3.744096241490795229e-01
3.584593790272869729e-01
4.234168274065813753e-01
2.402232826911746555e-01
2.568647090991753590e-01
4.382130403816970610e-01
2.557091409123051218e-01
2.699336024394856093e-01
2.705193122148005225e-01
3.623162993746389393e-01
3.125198652826014500e-01
3.071875636071825788e-01
4.667433079281991803e-01
2.818583869443529455e-01
3.897506969353919937e-01
2.720716115787864542e-01
3.949179374293908529e-01
3.078619703748343150e-01
