1.331238692105560784e-01
1.284701283196111321e-01
1.245984951108785044e-01
1.198995998589684753e-01
1.174662180566782288e-01
1.140967256335161384e-01
1.093087538435684181e-01
1.034728601573471352e-01
9.908134059729944987e-02
9.073302950593220562e-02
8.787264518030968308e-02
7.860494242677085186e-02
7.513860304918884570e-02
6.747804883690367017e-02
6.467662292327980289e-02
5.759370487788018078e-02
5.699423227760092026e-02
5.016827527171896506e-02
4.853307615363566807e-02
4.425756663277935488e-02
4.399811596420777349e-02
4.009051255914242162e-02
4.043145194567554501e-02
3.691975600367403132e-02
3.986173309598695091e-02
3.600131071324430554e-02
3.983939861851759634e-02
4.368355880036722816e-02
4.316455787553108436e-02
5.111759318622211001e-02
5.577437859276657139e-02
5.775295568106419974e-02
6.586725897067668978e-02
6.618833293696901876e-02
7.065153629244580458e-02
7.371788138929880052e-02
7.475979779670061109e-02
8.147097831620375707e-02
7.929268582826931588e-02
8.709659958568194416e-02
8.720786872753660823e-02
9.031868013673916007e-02
9.516932771710617800e-02
9.245663412662907810e-02
9.203264177367098675e-02
9.297032475605337964e-02
9.406140882191127428e-02
8.891761196444647464e-02
8.143977409367197939e-02
7.574987161760671217e-02
7.153769215742156184e-02
6.472834225989010370e-02
5.874920792719184881e-02
5.935285062740180972e-02
5.656246441632495348e-02
4.563527387865840002e-02
4.705964197213396982e-02
5.037201488351428225e-02
5.142617629754964170e-02
5.406396024054405114e-02
6.038912739292201515e-02
6.839195214274906842e-02
7.610210640997228104e-02
8.289295840201105214e-02
8.937497836996388667e-02
9.312658079058122595e-02
9.826407038638262925e-02
1.013349659224562771e-01
1.019827552375057733e-01
9.839527897306898918e-02
9.239300932638361274e-02
8.504972313282554985e-02
7.682727595516558594e-02
6.831695539221882552e-02
5.593496928446362038e-02
4.634788882423557244e-02
4.616223332856117523e-02
4.948750205437080218e-02
5.271602979714096193e-02
5.551140334747173277e-02
6.519549192243379032e-02
7.854159994331011418e-02
8.364776274130092393e-02
9.306456648837002632e-02
9.982701718435715854e-02
1.000806886770455595e-01
1.011957872178098627e-01
1.017786727563763094e-01
9.961220109123103406e-02
9.405811470409342068e-02
8.937895954942642884e-02
8.491211401842213569e-02
7.699189788299587445e-02
6.931033210002479628e-02
6.721380411518373954e-02
5.777929068627607467e-02
5.374654090823272057e-02
6.033539963582368326e-02
5.815904690354112283e-02
6.385605566683605350e-02
8.143118353966805056e-02
8.625702854150707477e-02
8.909798353611853017e-02
9.035765709478971175e-02
1.019833117726920424e-01
1.070226249363338544e-01
1.053504369990385658e-01
1.120354964255818597e-01
1.152775077069059240e-01
9.040083837008361378e-02
8.989980663813001982e-02
8.246824936624730373e-02
6.881888496957921930e-02
5.807076594753757259e-02
5.573513962030551827e-02
6.462492544195375110e-02
5.410928603255804603e-02
5.924582758747654054e-02
7.772359182377241993e-02
6.716519928269160111e-02
9.517493218298522795e-02
8.342494438602277018e-02
1.112028991940101630e-01
9.347151336758874329e-02
1.228315326556159714e-01
1.031149235006844078e-01
1.234150020966563455e-01
1.018298999080125000e-01
1.065581167974219978e-01
8.368668901015052786e-02
8.856256103610382624e-02
6.549446518052015609e-02
7.994756346083309317e-02
5.907962759942697595e-02
7.058750491109200276e-02
6.034155693061404868e-02
6.194204353364696214e-02
7.539169602962914052e-02
7.226264631526879700e-02
7.766939651531956645e-02
1.071858442312325632e-01
1.136964412991980922e-01
1.034376381889688945e-01
1.193097468106157910e-01
1.173518965941168224e-01
1.167702347921852901e-01
1.105948111812552481e-01
8.878521870007993755e-02
9.108069398747942191e-02
9.740708186964697202e-02
9.260405349117251106e-02
7.545392623967295265e-02
5.578172057532315709e-02
6.839135188639211549e-02
7.327437453408947032e-02
7.296416861515897523e-02
7.560777583950462066e-02
7.127134312333549548e-02
8.104607907353345020e-02
1.011041891541142324e-01
1.055360775046727539e-01
1.095833535727019914e-01
1.237063263319033712e-01
1.340935925038732046e-01
1.273004242865962699e-01
1.156308738230431565e-01
1.142755027774374765e-01
1.069308340735466434e-01
8.911948990583629104e-02
7.916950713382953086e-02
7.519043509921941038e-02
6.497446595308431494e-02
5.730662268240971358e-02
6.763138089246822915e-02
8.502511602917384170e-02
9.071856962068025609e-02
8.457963913527732913e-02
7.708080626987900974e-02
1.012504212453924080e-01
1.294862289121188059e-01
1.144133392307971064e-01
1.352945977650478193e-01
1.265991433696732615e-01
1.090195716390971459e-01
1.295774691554404390e-01
1.053704115163545119e-01
1.099979290246697605e-01
1.178496172000026432e-01
8.728873539002457438e-02
9.583901945251727117e-02
7.637270963349451769e-02
6.970228132915035069e-02
8.329154255333959256e-02
6.371918090832906501e-02
9.482980479501790239e-02
7.687097516754382021e-02
1.029013853737300588e-01
1.076883745716158414e-01
1.074196251961452298e-01
1.411046389734494921e-01
1.446660312639110879e-01
1.199090051315804262e-01
1.288152846310443023e-01
1.453780162307628521e-01
1.230801900115585656e-01
1.039876960449225285e-01
1.205486172887552110e-01
1.095206945650004648e-01
8.437534067619589795e-02
8.768088184849254230e-02
1.025094675782812770e-01
8.688287504148162199e-02
6.992387605660410621e-02
7.236798352039652826e-02
7.824926277248034356e-02
8.632173709371437909e-02
1.015204621346662561e-01
1.163929205508329456e-01
1.196069583094254707e-01
1.296308381557277345e-01
1.296163083024428619e-01
1.120733517401723001e-01
1.110740645747071431e-01
1.056386047988225885e-01
1.136583463987157483e-01
1.267921935189160187e-01
1.166411918019488736e-01
1.159645723849103138e-01
9.925112158301330201e-02
7.976012930668896495e-02
7.878039194192620887e-02
7.046904217991789565e-02
8.465608733116092299e-02
9.855962730859524346e-02
1.054723541959431410e-01
9.955190391667612104e-02
1.357580754303893134e-01
1.084601685628157064e-01
1.461486882116641572e-01
1.346685002896000904e-01
1.312436591425689691e-01
1.448156741869186526e-01
1.191787354356661499e-01
1.242740439480515269e-01
9.949418677894217300e-02
1.355931591276363646e-01
7.099606914084222176e-02
1.286632294015123135e-01
7.698912082997910744e-02
1.010729218195612900e-01
8.849907702292025835e-02
8.511939819701219712e-02
1.011650015796580204e-01
9.557748681022104620e-02
1.012710871579705074e-01
1.465426402971217179e-01
1.350398544660934563e-01
1.413398403126288061e-01
1.099191058332232851e-01
1.324744822243052456e-01
1.243202704347301513e-01
1.566035342517685391e-01
1.404394448995588407e-01
1.434536115752897967e-01
1.165691846242125074e-01
1.185101741575852463e-01
8.267958371885497648e-02
8.592472403171980133e-02
6.310321727984391504e-02
6.869392176207989031e-02
7.320452810660615928e-02
7.399771095066354221e-02
1.051635100232339859e-01
1.171924113808229251e-01
1.484010577348529036e-01
1.528081518069176470e-01
1.146893302545651805e-01
1.500405207842199218e-01
1.771364061990545746e-01
1.222289150774202859e-01
1.318736526751078664e-01
1.677005165499618755e-01
1.144934544963276402e-01
1.022950320087862019e-01
1.471822285029749100e-01
1.139913162551886572e-01
8.975275304600471848e-02
1.292348192600553114e-01
8.890716324431235940e-02
1.231146861161218631e-01
7.081915373456260099e-02
1.199212581167276026e-01
1.010513787665070495e-01
1.373023726620661300e-01
1.770427813034394227e-01
1.384041989150787133e-01
1.196338308932511918e-01
1.515451325187970877e-01
1.676928898149331326e-01
1.408971360278479246e-01
1.107811522654786884e-01
1.327851345388365578e-01
1.576854925869077828e-01
1.420873326661213909e-01
1.060559094439074146e-01
7.957358194152464037e-02
9.283119312445409221e-02
9.722928130860175600e-02
1.026305663714736083e-01
1.199366167588604704e-01
1.262082020585909570e-01
1.182052632783674451e-01
1.244859050698070568e-01
1.034657889383545637e-01
1.353149731091458641e-01
1.778498911838422014e-01
1.913329839186880266e-01
1.438560442288638885e-01
1.484186665988791454e-01
1.606430783979370114e-01
1.391214682775925304e-01
8.766596946737748031e-02
1.200326338764975409e-01
1.434932485997567619e-01
1.154012648648401473e-01
1.096080499372679151e-01
1.393751527766061704e-01
6.150132699481825060e-02
1.294906580967258858e-01
9.020698996609943787e-02
1.634914035371614061e-01
1.178657040388975119e-01
1.241296396413686942e-01
1.837751891920673675e-01
1.593425165085335937e-01
1.299345678260557246e-01
1.681793780140111716e-01
1.892354744276582013e-01
1.379486753576311120e-01
1.260455800383923908e-01
1.368357801860865530e-01
1.349627457043798273e-01
1.645389293942098874e-01
1.351899962677612921e-01
9.111871432243201507e-02
9.254269832876771407e-02
6.356650195344470955e-02
8.286945225671926707e-02
9.373740364143789972e-02
9.485887710030049824e-02
1.346096492508039866e-01
1.563029367122009683e-01
2.059045013407969638e-01
1.640581279201662745e-01
1.437032283109908049e-01
1.934342098808745636e-01
1.841767632832103097e-01
1.518299151429844951e-01
1.488143628556198861e-01
1.800626469835231447e-01
1.020352567635006702e-01
1.317753794757061669e-01
1.462359047709197446e-01
6.726193644032163466e-02
1.552850217288380685e-01
7.635626936634498652e-02
1.505141025577632075e-01
1.156985407926910403e-01
1.634137415560344975e-01
1.223441140774935709e-01
1.153677388769296375e-01
1.700950500039297708e-01
1.955319920245924825e-01
1.748895744152062504e-01
1.769872723117282831e-01
1.634527728803368829e-01
1.329015084590430273e-01
1.336017883210085522e-01
1.373932404391108308e-01
1.469271075261769921e-01
1.672060146307515760e-01
1.892566307730667585e-01
1.728507703690567165e-01
1.720446686710291884e-01
1.565567441865418630e-01
1.452494685752552250e-01
1.268122500996937685e-01
9.053863642795234590e-02
1.022469487742104777e-01
1.601387085790090259e-01
1.537340477920852155e-01
1.287447798798910803e-01
1.881740295430964771e-01
1.401576822102615916e-01
1.854484996402822050e-01
1.547344510287601560e-01
1.736884425179320290e-01
1.506405269597890229e-01
1.748884088353355182e-01
1.642240956773431959e-01
1.480688800883983580e-01
1.152148437844400242e-01
1.607845537512495593e-01
6.508254981941286044e-02
1.376914309972778749e-01
1.720630687904536327e-01
1.293243324251156512e-01
1.063788241512836352e-01
1.298193782928409590e-01
1.879721999703237723e-01
2.136832698688820864e-01
1.533170196420768905e-01
1.855476798873975097e-01
1.741579927320717758e-01
1.324570361355581483e-01
1.505171751618958886e-01
1.381595986276519250e-01
1.122197229706025645e-01
1.587126285290851868e-01
1.740734974046151962e-01
1.724804758160004559e-01
1.851876911549510396e-01
9.716332218914469632e-02
1.277988680886273931e-01
1.781773589047406237e-01
1.185331128506176279e-01
1.653119360700932017e-01
1.422024334370226573e-01
1.846003271751786023e-01
1.650890223803347379e-01
2.164177474940225387e-01
1.757542538608727334e-01
1.493499742842903100e-01
2.219678612142238494e-01
2.026597834726548975e-01
9.686104631215364247e-02
1.887714441269838783e-01
2.337099776869774326e-01
1.242660506939997633e-01
1.047457886043811071e-01
1.441921694795410547e-01
1.187577398213582880e-01
1.659971516933418378e-01
2.116084270319238403e-01
1.848072464605315934e-01
1.856633532315785651e-01
1.482584737470280523e-01
1.553292082687941500e-01
1.706099681498436382e-01
2.421115833240453652e-01
2.146173862142455313e-01
1.550591758928389075e-01
2.323371959641726825e-01
1.353176140419111162e-01
1.237993274909225949e-01
2.093683539002483274e-01
1.117651051632794212e-01
1.599250355254151490e-01
1.785686849102388063e-01
1.290024604121811080e-01
1.695786287430720574e-01
1.722476310833697122e-01
1.220044776784527940e-01
1.919645814702034547e-01
1.735173059251740035e-01
1.203663931949495725e-01
1.199027926823310608e-01
1.593155363127239932e-01
1.969514268516361355e-01
2.148518282587418282e-01
1.903827165362356189e-01
1.632371671023138404e-01
1.747155200633746519e-01
1.796683579563117528e-01
1.502526609754504250e-01
1.050457838624310192e-01
1.089720179737797556e-01
2.073171962830531179e-01
2.213988504512287570e-01
1.668300231703296888e-01
1.329686856716807419e-01
1.455247310506213587e-01
1.811596568665762019e-01
1.386495983688530442e-01
1.857908490376370958e-01
1.617324312230892236e-01
2.530555116969414042e-01
1.222748082391105218e-01
2.296069682365798892e-01
2.467451285887855006e-01
1.534343339020576291e-01
1.562721979710349762e-01
1.950490983584516336e-01
2.396269476488968042e-01
1.450139007811259706e-01
1.352689851536426069e-01
1.304157293197054646e-01
2.172385212789670339e-01
1.858495910224824410e-01
2.163452097165958765e-01
