1.058030260424017710e-01
1.126732595318150620e-01
1.154567223324186598e-01
1.088281279229977860e-01
1.046250863472959480e-01
1.118064045884576974e-01
9.926895349049624784e-02
1.107184901097907348e-01
1.027292694769147419e-01
1.079136230688743092e-01
1.145592886978648028e-01
1.170682187433433885e-01
1.194488708365124552e-01
1.071800295236173817e-01
9.996227771996757383e-02
1.165180991507858144e-01
9.987757595730950566e-02
1.005819643566089328e-01
1.033055608615699450e-01
9.309169597950561759e-02
9.674388626308882966e-02
9.760914186524138891e-02
7.085186146753019720e-02
9.537308920971609982e-02
8.574431555821104833e-02
8.045608936765169528e-02
8.484707371724586888e-02
6.885963560872432332e-02
7.157460043139152184e-02
9.093794029810742252e-02
1.002005099690411738e-01
9.829040674445388426e-02
9.183251555788762843e-02
1.096577892338290727e-01
9.654996178817365493e-02
9.574793073451859371e-02
1.021740792396796937e-01
1.283060159714286552e-01
9.797973172662077790e-02
1.334857793964556727e-01
1.198375843850906231e-01
1.371558041042578724e-01
1.316729219181030919e-01
1.232099422897056096e-01
1.327080412590839753e-01
1.262206751317681563e-01
1.440400536860801939e-01
1.166389245913095341e-01
1.282045269968368206e-01
1.361324123666384223e-01
1.335959322793871529e-01
1.347004697419288410e-01
1.336164351756599089e-01
1.614358670664935991e-01
1.603980029946300290e-01
1.350757370855332207e-01
1.394019424033265953e-01
1.450245930242651804e-01
1.295861124210504478e-01
1.304479292796366652e-01
1.296734169603542819e-01
9.968520300509620125e-02
1.315255456572038684e-01
1.486420783809576651e-01
1.411763344658073516e-01
1.252714334064285451e-01
1.080043379509989521e-01
1.422487438022362882e-01
1.473632129993464046e-01
1.600616076074010685e-01
1.178342356669254132e-01
1.561566830933716066e-01
1.397143912331330062e-01
1.445699767494331711e-01
1.477628415549741003e-01
2.119696826506229925e-01
1.506013700074647632e-01
1.911623479345126997e-01
1.737500542345572496e-01
1.656140058920512192e-01
1.713301318436853959e-01
1.806076931066302738e-01
1.770237740291983330e-01
1.881248654161258305e-01
1.714444325459499874e-01
1.423626833209225007e-01
1.163680757164927693e-01
1.096815467334201211e-01
1.107019683588649217e-01
1.469331159289104516e-01
1.253068004419306547e-01
1.220839793865453604e-01
1.593582619534017475e-01
1.882891979877197031e-01
1.547679086693790618e-01
1.737925683781637032e-01
1.361771023639049005e-01
1.994138158259546323e-01
1.480616297927873637e-01
2.069212835123684924e-01
1.683801926556297568e-01
2.069078159905382019e-01
2.180639825641373930e-01
1.808756519898080395e-01
1.653713292646356026e-01
1.404410893301192287e-01
1.776965263747465329e-01
2.091615439878210525e-01
1.905151533485597293e-01
1.740544785344151357e-01
1.907405402973602060e-01
2.060162534868025253e-01
1.793411753269640307e-01
1.819957529661193618e-01
1.466163557413344698e-01
1.772182951731688938e-01
2.002396758341812300e-01
2.264393202677654759e-01
2.241339505875696858e-01
2.026100242258449535e-01
2.842617909300332313e-01
2.241571431793160096e-01
2.327231103421878444e-01
2.630121296953138454e-01
2.120670469050804918e-01
1.671661215549441470e-01
1.942197464378414562e-01
2.120651237209519868e-01
2.140809526132937401e-01
1.729326490061378063e-01
2.395956156422400785e-01
1.435342324084992738e-01
1.273621683512841107e-01
2.115549855053645567e-01
2.078072281823077905e-01
2.023685630940637026e-01
1.713905685455576755e-01
2.138304142149544118e-01
1.711641584302895369e-01
2.135137093679450038e-01
2.399474635509236675e-01
2.520688524926149032e-01
2.959597941687980294e-01
2.379974065825448681e-01
2.509523978650659570e-01
2.540214735045486227e-01
1.842408985115426834e-01
1.980298305594809793e-01
1.897186762405789207e-01
1.588860653135116818e-01
2.233049159262195937e-01
2.622076028982669449e-01
1.888635140443772897e-01
2.332110698157584538e-01
2.211733260674721979e-01
1.609349822738779245e-01
2.537998254317601621e-01
2.579949778289181150e-01
1.603302883992517858e-01
1.810154311312880404e-01
2.197196050049591287e-01
2.543611630404717383e-01
2.331309700258229478e-01
2.589838312394922015e-01
2.393624801405269675e-01
2.948946763642169566e-01
2.191951800604913236e-01
2.716419659317220736e-01
3.143441737145111770e-01
3.095783999589365454e-01
2.488099061020241365e-01
2.336202113315662965e-01
3.214293392471203603e-01
2.135089108832579630e-01
3.396305599073151660e-01
2.372017299366090404e-01
3.205383075262576709e-01
2.362563129448724819e-01
3.209455710374609083e-01
2.800884904174827383e-01
2.560900871077615992e-01
3.591247903326627577e-01
2.721444267786171656e-01
3.116483410292147926e-01
3.296577799035474987e-01
3.850390269681422950e-01
3.330576695373097529e-01
3.127151492074284889e-01
2.096124586463635753e-01
2.537453274189842567e-01
2.638818308464383477e-01
3.332654426105696732e-01
2.248338259302586906e-01
2.923559763941574463e-01
2.604018291720585632e-01
2.713888215100089818e-01
2.223543252101275458e-01
2.780178614936250625e-01
2.605537109994409128e-01
3.249112258988489099e-01
2.744434003836440095e-01
2.877219802161996576e-01
3.086867209144422697e-01
3.648330907257717470e-01
3.291033042949601528e-01
3.023954494342595556e-01
2.926705390858527212e-01
2.687062842790888251e-01
3.483897563535136577e-01
3.079028400705301483e-01
3.929883263211068067e-01
3.426891433635037565e-01
1.972857609583931193e-01
2.300570525869214400e-01
3.089011115513261574e-01
2.874412541669301158e-01
2.766153074052914995e-01
3.825770067172497013e-01
3.749808609644637025e-01
2.714070483093369290e-01
2.870738709098583641e-01
2.653169614230357354e-01
2.780858489961141045e-01
3.557124986728933402e-01
3.561024902537855974e-01
3.090500437141660006e-01
2.930400002056927633e-01
3.526283525808440178e-01
3.357054440720648181e-01
2.667917619909668803e-01
3.424318685683049868e-01
4.353458493729818191e-01
2.016245514912906600e-01
2.426879169746873899e-01
2.976110397569128319e-01
3.630958463053781671e-01
3.866060280096931256e-01
3.284498974383986969e-01
4.448893581988917489e-01
2.618751117046598242e-01
3.225157601840331623e-01
2.021389278370344655e-01
2.918511307310022174e-01
2.675299522339178449e-01
3.064365578493249975e-01
3.521103798692707398e-01
2.946000267667250316e-01
3.998483396275751556e-01
3.018815183094418764e-01
4.150973288022095087e-01
3.725641563606069129e-01
3.769638985153765942e-01
4.692722945161545978e-01
3.134305801684580395e-01
