1.932059029905780489e-01
1.932059029905780489e-01
1.932059029905780489e-01
1.932059029905780489e-01
1.898987470821563717e-01
1.910140289847982453e-01
1.897589098147909326e-01
1.902195294745236964e-01
1.910908501501604739e-01
1.929633138662358860e-01
1.962778735160055632e-01
1.983400817733342869e-01
1.995597454569238982e-01
1.972093805114321086e-01
1.921136274929335919e-01
1.847410484636877737e-01
1.791733767034198177e-01
1.774347014234821662e-01
1.765931334749629711e-01
1.771996310803883867e-01
1.799096110963643858e-01
1.797496179398598848e-01
1.828913721939025017e-01
1.824094530508363343e-01
1.819349682854761729e-01
1.805444641685860496e-01
1.743976640111822851e-01
1.714403712973462390e-01
1.664925707310439540e-01
1.657672198858873847e-01
1.666851845328365389e-01
1.667058451911932471e-01
1.637910655649187364e-01
1.649267552261395320e-01
1.615144101464330850e-01
1.624038899957452875e-01
1.631617100177992219e-01
1.588505263166264392e-01
1.589314604224804084e-01
1.542452998061194513e-01
1.548729774812730442e-01
1.552441149620759075e-01
1.531826772349240695e-01
1.472366469865851180e-01
1.426085050513826724e-01
1.354805232766308487e-01
1.343041843482923881e-01
1.351471017385071915e-01
1.334290735643024473e-01
1.391725482996718499e-01
1.366799837356031944e-01
1.403983234008823189e-01
1.410714425998105259e-01
1.381739205218870392e-01
1.331343845547471316e-01
1.207667858270669026e-01
1.137726791398853132e-01
1.069173536009668801e-01
1.061385406856160118e-01
1.087034956486380155e-01
1.112104603747670062e-01
1.177198280828122279e-01
1.195574268745180913e-01
1.223297435870456251e-01
1.225637543744632074e-01
1.165853924501866201e-01
1.135735794556574918e-01
1.071913537317319420e-01
1.081709303426082736e-01
1.094489855248566013e-01
1.145235032100397898e-01
1.131529641807584863e-01
1.072635631816039048e-01
1.043279855840733017e-01
1.018415418971855280e-01
1.020364923646367439e-01
1.034671213763881381e-01
1.079475393482292045e-01
1.193708665924007040e-01
1.284610853641267036e-01
1.274483138374141733e-01
1.287152309226748947e-01
1.269425338032880157e-01
1.270375243881641802e-01
1.211200060161445879e-01
1.203454856991331701e-01
1.176061995151498341e-01
1.189283357244302897e-01
1.187812554976988011e-01
1.182083437721848096e-01
1.174262772669772970e-01
1.120352760388754199e-01
1.100475168460878228e-01
1.113572367740897073e-01
1.106092016217972152e-01
1.157490788829489414e-01
1.129221784364008441e-01
1.066935368938966011e-01
1.065806682401810868e-01
1.099750985743850329e-01
1.143320848686308899e-01
1.140122698057046691e-01
1.128706723629219200e-01
1.132951275887866815e-01
1.132717279017404488e-01
1.133651384007883234e-01
1.177335948677843414e-01
1.227670186561431453e-01
1.221421318224075181e-01
1.209911139580799322e-01
1.231951933674767519e-01
1.270472832249052164e-01
1.254199666494330012e-01
1.267258261058115121e-01
1.306808128347156650e-01
1.319043530217349769e-01
1.315179092637469571e-01
1.274813847714802995e-01
1.269167522584504493e-01
1.314271302503967620e-01
1.315078715538480214e-01
1.303879473648208442e-01
1.311254628826306057e-01
1.280326281839873070e-01
1.305890421201491014e-01
1.348686514330877939e-01
1.319224965866213628e-01
1.324515796035103943e-01
1.335729569546164619e-01
1.263903306789889713e-01
1.209171022058241896e-01
1.231575969700198225e-01
1.250263859293234692e-01
1.224778436689438754e-01
1.183692626701993156e-01
1.276861948403504865e-01
1.183575456841398088e-01
1.235734280058130574e-01
1.248114985312561709e-01
1.219471720237580437e-01
1.169764853475401267e-01
1.262650745318267820e-01
1.276666040464329299e-01
1.211834714401458513e-01
1.212739268412212912e-01
1.266662860308126470e-01
1.211664326276010728e-01
1.156648202347483334e-01
1.240954718232756271e-01
1.252441423500565421e-01
1.249671979171770309e-01
1.177002402748179577e-01
1.138852431848974556e-01
1.235114981825732317e-01
1.283404576703789379e-01
1.249902577135767467e-01
1.276220751605205983e-01
1.221519886308579661e-01
1.158601769646252500e-01
1.264525153283148073e-01
1.233526613108140157e-01
1.230799954196880597e-01
1.252194395639456559e-01
1.213796222353560328e-01
1.145660329884352624e-01
1.267606225921426022e-01
1.270620081663171863e-01
1.283754326589348072e-01
1.254346265064839594e-01
1.146896634467221565e-01
1.266775556870272101e-01
1.214803761227242207e-01
1.211633585629036114e-01
1.198661020614796291e-01
1.220957541868593621e-01
1.202404468926892012e-01
1.161039468495755900e-01
1.260178602331835096e-01
1.280688216611352015e-01
1.239257353144581630e-01
1.153304151979434033e-01
1.234207734952029734e-01
1.201303231646547731e-01
1.267251673424237834e-01
1.265367996712739584e-01
1.214963952336851616e-01
1.244332280484976572e-01
1.159594769856678864e-01
1.199272085972162838e-01
1.250515154597237055e-01
1.225931770425245926e-01
1.149371624252990554e-01
1.261469039540792370e-01
1.209139289628883285e-01
1.287977320056777897e-01
1.254246457960764838e-01
1.271569988212045699e-01
1.227674596140356789e-01
1.269502714328446524e-01
1.143040028310829959e-01
1.192572670191436313e-01
1.210196899211229971e-01
1.157222409753208003e-01
1.161213866657296867e-01
1.161213866657296867e-01
1.161213866657296867e-01
1.161213866657296867e-01
1.161213866657296867e-01
1.161213866657296867e-01
1.161213866657296867e-01
1.161213866657296867e-01
1.161213866657296867e-01
1.161213866657296867e-01
1.161213866657296867e-01
1.161213866657296867e-01
1.161213866657296867e-01
1.161213866657296867e-01
1.161213866657296867e-01
1.161213866657296867e-01
1.161213866657296867e-01
1.161213866657296867e-01
1.161213866657296867e-01
1.161213866657296867e-01
1.161213866657296867e-01
1.161213866657296867e-01
1.161213866657296867e-01
1.161213866657296867e-01
1.161213866657296867e-01
1.161213866657296867e-01
1.161213866657296867e-01
1.161213866657296867e-01
1.161213866657296867e-01
1.161213866657296867e-01
1.161213866657296867e-01
1.161213866657296867e-01
1.161213866657296867e-01
1.161213866657296867e-01
1.161213866657296867e-01
1.161213866657296867e-01
1.161213866657296867e-01
1.161213866657296867e-01
1.161213866657296867e-01
1.161213866657296867e-01
1.161213866657296867e-01
1.161213866657296867e-01
1.161213866657296867e-01
1.161213866657296867e-01
1.161213866657296867e-01
1.161213866657296867e-01
1.161213866657296867e-01
1.161213866657296867e-01
1.161213866657296867e-01
1.161213866657296867e-01
1.161213866657296867e-01
1.161213866657296867e-01
1.161213866657296867e-01
