1.976448272338189316e-01
1.976448272338189316e-01
1.976448272338189316e-01
1.976448272338189316e-01
1.944179458362289559e-01
1.925599940283918565e-01
1.906492039710422359e-01
1.915950260298318053e-01
1.925305995602436537e-01
1.972197838026338301e-01
1.995891479684585024e-01
2.031318126715191408e-01
2.045687808550926690e-01
2.009738510160314906e-01
1.960867469565416021e-01
1.865104088678332106e-01
1.798685936510575623e-01
1.758997221293058244e-01
1.750895001715039312e-01
1.763134408714145396e-01
1.793350349271839450e-01
1.799553432015852383e-01
1.828437608865006725e-01
1.826821383441545876e-01
1.827441646504593953e-01
1.804155974828087761e-01
1.736329275269802297e-01
1.703222403223386694e-01
1.643647956749233474e-01
1.636811642266641220e-01
1.645763737904551993e-01
1.637123023298490132e-01
1.622523474801443877e-01
1.628576604919625970e-01
1.594433054827352203e-01
1.604253202184494631e-01
1.606981111630292336e-01
1.570503182049931556e-01
1.577719988223941217e-01
1.535962297982957914e-01
1.530745741555903372e-01
1.536857708555318114e-01
1.515956675453086211e-01
1.478425534627283433e-01
1.444510850938891533e-01
1.362086845104353294e-01
1.359689682809528399e-01
1.361562803606871652e-01
1.344773624915772681e-01
1.396083605238449543e-01
1.372608469563043609e-01
1.404965056497492482e-01
1.411700327542804168e-01
1.388512099745899953e-01
1.366103745535099945e-01
1.261754137070753012e-01
1.193949738981934239e-01
1.119720768211327488e-01
1.102780855349628775e-01
1.124155111941510521e-01
1.150685002658720091e-01
1.199684865569227155e-01
1.219643958525323812e-01
1.246128016262322280e-01
1.256196346033386924e-01
1.216895012895098382e-01
1.185170839911390273e-01
1.122561169571838491e-01
1.110952615167258850e-01
1.116942502838517148e-01
1.167388301806747686e-01
1.144106467167546048e-01
1.108011280772693841e-01
1.088783941109621178e-01
1.053595438608478929e-01
1.057647353889433761e-01
1.061548570491016585e-01
1.090625331777904661e-01
1.185575766045304791e-01
1.270631994205214665e-01
1.303955594133420215e-01
1.317195727398770000e-01
1.312756288626348855e-01
1.295607347730021175e-01
1.241532219752159438e-01
1.221580460574046567e-01
1.200341272593398179e-01
1.202959705601476248e-01
1.200396756207969817e-01
1.236064655755114705e-01
1.236968627055183845e-01
1.150938825520861908e-01
1.132062296662273981e-01
1.129377267555338182e-01
1.162690579482703601e-01
1.191724665464877209e-01
1.131710093823506957e-01
1.094867524885755339e-01
1.077786142893674137e-01
1.086476030505129087e-01
1.170178947601310249e-01
1.215033620558776395e-01
1.160253347408432001e-01
1.118904492281694862e-01
1.117761614544846571e-01
1.130705344802724888e-01
1.168331792519318180e-01
1.210074915061523093e-01
1.249493949862674480e-01
1.236342253544316927e-01
1.226552948598264026e-01
1.248929407283881909e-01
1.264096668690842806e-01
1.241310435596699735e-01
1.260823401200477090e-01
1.292158688510091080e-01
1.285556173112870626e-01
1.249804446096954846e-01
1.268055489550095061e-01
1.327977942410428769e-01
1.333576643012678309e-01
1.324427960184567654e-01
1.336179423024529411e-01
1.322819943321595915e-01
1.268959577447822396e-01
1.289926993709559211e-01
1.329127566168086805e-01
1.337566850698944654e-01
1.321324303789969123e-01
1.242992508113760497e-01
1.198849578766518764e-01
1.270602933581167493e-01
1.289589643704661670e-01
1.283538540723120347e-01
1.269584300021380230e-01
1.197437961728594624e-01
1.283645757801074039e-01
1.250613775245730253e-01
1.271256438234691366e-01
1.259509018260611679e-01
1.231538723585379191e-01
1.282232130258936786e-01
1.274007186026683280e-01
1.204150423153415028e-01
1.185340783357908823e-01
1.202866124270708381e-01
1.258555786632743478e-01
1.245851904680030930e-01
1.223439939245061225e-01
1.290515761061263866e-01
1.292234191121055531e-01
1.259731828113733743e-01
1.197201476623179772e-01
1.214074939237168582e-01
1.288932155246599320e-01
1.221176248991037161e-01
1.225929070353908301e-01
1.272300572026074938e-01
1.245958166811557133e-01
1.229853571661548850e-01
1.278869764500720763e-01
1.257462631806037789e-01
1.262373898018396279e-01
1.305788014213675741e-01
1.206063650341050453e-01
1.232652271637197927e-01
1.259285017048267230e-01
1.245754604110044239e-01
1.278141091784330552e-01
1.241304146333258585e-01
1.206941102356128281e-01
1.262400276927008180e-01
1.192710866145778592e-01
1.190643455555610020e-01
1.216653044301787556e-01
1.302142762206481841e-01
1.209224449259709289e-01
1.275633338265541594e-01
1.289786913847271732e-01
1.282464771516360624e-01
1.259529844178006730e-01
1.235840563053803853e-01
1.293705712345672998e-01
1.190180720362203903e-01
1.226248116104456942e-01
1.212103704559347461e-01
1.200787830850392757e-01
1.298831117619354547e-01
1.204252308753687162e-01
1.260555822471154386e-01
1.283687856695940877e-01
1.269914931348775644e-01
1.200026266493698923e-01
1.285877807502816550e-01
1.199930791980589051e-01
1.265830347211832629e-01
1.275754962656950875e-01
1.245257924185528831e-01
1.219519083821567484e-01
1.265219138567539314e-01
1.209642268040118651e-01
1.255694699487805988e-01
1.262920456607452557e-01
1.230685822092698611e-01
1.230685822092698611e-01
1.230685822092698611e-01
1.230685822092698611e-01
1.230685822092698611e-01
1.230685822092698611e-01
1.230685822092698611e-01
1.230685822092698611e-01
1.230685822092698611e-01
1.230685822092698611e-01
1.230685822092698611e-01
1.230685822092698611e-01
1.230685822092698611e-01
1.230685822092698611e-01
1.230685822092698611e-01
1.230685822092698611e-01
1.230685822092698611e-01
1.230685822092698611e-01
1.230685822092698611e-01
1.230685822092698611e-01
1.230685822092698611e-01
1.230685822092698611e-01
1.230685822092698611e-01
1.230685822092698611e-01
1.230685822092698611e-01
1.230685822092698611e-01
1.230685822092698611e-01
1.230685822092698611e-01
1.230685822092698611e-01
1.230685822092698611e-01
1.230685822092698611e-01
1.230685822092698611e-01
1.230685822092698611e-01
1.230685822092698611e-01
1.230685822092698611e-01
1.230685822092698611e-01
1.230685822092698611e-01
1.230685822092698611e-01
1.230685822092698611e-01
1.230685822092698611e-01
1.230685822092698611e-01
1.230685822092698611e-01
1.230685822092698611e-01
1.230685822092698611e-01
1.230685822092698611e-01
1.230685822092698611e-01
1.230685822092698611e-01
1.230685822092698611e-01
1.230685822092698611e-01
1.230685822092698611e-01
1.230685822092698611e-01
1.230685822092698611e-01
1.230685822092698611e-01
1.230685822092698611e-01
