1.347818153629574134e-01
1.289562117457784263e-01
1.247784565137008972e-01
1.203291407613180652e-01
1.201703972275828258e-01
1.107612252850990187e-01
1.076811975917548736e-01
1.004329348679781075e-01
9.657460446641064067e-02
9.034346764318645917e-02
8.555580398638318318e-02
7.745993270485063142e-02
7.434441997150265102e-02
6.739885894146191436e-02
6.524136963113813525e-02
5.985146844214583872e-02
5.635806562089051841e-02
5.245155856395389282e-02
5.043264113082290834e-02
4.608656787777387631e-02
4.660049423249035261e-02
4.080657409191756901e-02
4.295764133200374868e-02
3.782155780428131386e-02
4.034367453474152487e-02
3.807687886903388108e-02
4.067440620433016019e-02
4.466086276710545810e-02
4.246148587798859175e-02
4.883204852553346687e-02
4.567898914634882512e-02
5.125953009727657328e-02
5.379575138606829121e-02
5.966191760038630498e-02
6.841152713366294158e-02
7.257759862289014929e-02
7.562788204878867493e-02
8.008814886423665236e-02
7.906131430335761046e-02
8.630148331681297691e-02
9.040124222712819790e-02
9.224527349263811349e-02
9.704940293930885975e-02
9.766492416268701682e-02
8.900721277060130721e-02
8.914911425149041335e-02
8.566581573221510038e-02
7.930486281233806167e-02
7.803279155935616274e-02
7.641991731974939750e-02
6.837229325322380369e-02
5.985398138675013247e-02
6.199948934374366338e-02
6.151680419877547656e-02
5.504419821930606194e-02
5.222298701227978679e-02
5.467702997061729686e-02
6.169338969388671323e-02
6.733670445003192562e-02
6.467500570556672379e-02
6.388044843902951353e-02
6.982716238375374918e-02
7.664291030961156714e-02
8.351015149623353118e-02
8.587488220307559761e-02
8.766763967629032095e-02
8.543928806472012027e-02
8.507902374013798230e-02
8.624045374424060828e-02
8.405540121871224457e-02
7.786026286261737983e-02
7.104129941610426435e-02
6.968433302327625700e-02
6.720181254062862486e-02
6.070436505150089701e-02
5.616545297849384610e-02
5.841795986153963671e-02
6.757242753838033078e-02
7.024136846551098934e-02
7.174754500632307685e-02
8.096799235178697707e-02
8.474969832920797863e-02
8.441280461512945532e-02
8.559476638733209963e-02
8.521803510193926012e-02
8.106232864122642212e-02
7.406859088187034423e-02
7.006945679255582871e-02
6.746970260963192079e-02
6.419366690917449603e-02
6.296167792159934606e-02
6.807503853935725768e-02
7.115812204750326941e-02
7.389442612483820838e-02
8.643916929326911358e-02
8.637719000124499669e-02
8.210412560088187206e-02
8.559501305344752176e-02
7.761320384037129205e-02
7.546120915505993842e-02
8.081185200817631031e-02
7.566979839400367336e-02
6.781936392307552630e-02
7.034732032064217044e-02
8.106617514024572202e-02
8.605636937993832447e-02
8.330957279073403221e-02
7.479994290005831381e-02
8.699412938432593556e-02
8.907393603615931799e-02
7.691743199243261664e-02
8.296202475238212415e-02
7.835587515181186014e-02
7.071624336185244886e-02
6.887705158481116641e-02
8.689633412175867822e-02
7.756109438445779602e-02
8.902869642284561014e-02
8.977697747218660318e-02
8.368587024710838485e-02
9.193903063128372466e-02
6.576251540992916755e-02
8.593311881079801484e-02
6.830916006144016617e-02
8.319939359457839689e-02
7.658936916976388787e-02
9.867112054366078411e-02
8.430161983800787961e-02
9.752073250570081342e-02
7.593829659716466729e-02
8.289710353636514650e-02
6.823016803183135082e-02
9.036420731772276671e-02
7.636592337244174633e-02
9.166217357057981907e-02
9.830709013802851892e-02
8.623554388990573027e-02
9.304406349031724144e-02
7.627688801711607347e-02
6.700316059771471711e-02
9.008174482927022719e-02
9.308302389872602500e-02
8.479970525215119181e-02
1.007174738946636783e-01
9.991082393692296559e-02
8.129889033559534184e-02
6.984321278537641842e-02
7.656274230932580416e-02
9.437313940130798162e-02
9.673191089029553602e-02
1.054584497088585371e-01
9.558788443293264603e-02
7.976280548763681200e-02
9.006013636011034329e-02
8.616968070744435160e-02
8.468558514910706769e-02
9.949743447808190311e-02
1.073716211722121061e-01
1.055991064903359922e-01
1.006411770796403760e-01
8.303738243494174220e-02
6.317481776994082754e-02
6.954963942931235987e-02
8.421505309726295962e-02
9.383677536467127656e-02
1.075031512891105878e-01
1.141121522310104552e-01
1.063709791739274602e-01
8.652903579489523711e-02
9.015477988204101401e-02
8.824325417685086048e-02
8.136224618835252720e-02
8.384058653565418240e-02
1.062822714697551074e-01
1.223744835365846440e-01
1.100164686254729851e-01
8.457209235660911872e-02
6.606193530416226700e-02
8.460695714547894486e-02
1.087021182845939737e-01
1.002153166931577521e-01
1.093009013698398313e-01
1.107766300369649182e-01
8.448249671088392532e-02
7.400055555931661644e-02
1.036518389085505643e-01
8.909870621662430157e-02
1.173510314437942181e-01
1.037205613980463070e-01
1.083240391172521910e-01
1.106872955407166570e-01
7.750024754318174391e-02
9.873409635200325329e-02
7.216949076278345032e-02
1.074200033712695568e-01
1.058120477294871575e-01
1.066397587339998898e-01
1.214622262092229787e-01
9.575980475645684553e-02
1.075886593959809456e-01
8.147835949859694171e-02
9.442723551887510780e-02
1.108014901966065668e-01
1.125582465066495841e-01
1.057624987074943235e-01
1.297927742863014267e-01
1.044938100930083991e-01
7.757096452092537842e-02
8.809686328975219194e-02
1.200623864759272630e-01
1.242653866402517737e-01
1.239204726266845968e-01
1.117141267290555628e-01
9.426943875585713783e-02
8.610846341243383328e-02
8.345594699435932018e-02
9.071425352209583348e-02
1.035872197258335126e-01
1.075651476420638186e-01
1.215140218667849492e-01
1.350248294149445361e-01
1.162751560264004835e-01
1.036427095595120473e-01
9.638777776543772102e-02
8.128302730539782583e-02
9.297028303280840955e-02
1.110898105976556582e-01
1.266041379814040191e-01
1.290823010545181226e-01
1.112850696038755194e-01
1.023327604302650684e-01
8.574116563329647889e-02
1.031519726743342913e-01
1.142173258068874819e-01
1.069168978244224855e-01
1.121678632140169496e-01
1.342420830083692618e-01
9.759244858620941265e-02
7.892777345797008515e-02
1.194267211190433997e-01
8.906898524676309936e-02
1.244217784883707711e-01
1.210612248732912954e-01
1.115054295370618842e-01
1.148878601044625025e-01
9.711159184478279638e-02
9.921706204832592135e-02
1.091427114532358411e-01
9.860183762030283461e-02
1.270028939085646735e-01
1.235457958651763333e-01
1.122370217306606355e-01
1.193780546616002303e-01
9.161062504838535236e-02
9.588496514968170015e-02
1.279664627435838087e-01
1.188493575017542936e-01
1.172724292195974627e-01
9.954770326162798444e-02
1.391712241511491310e-01
1.150214074269624298e-01
9.241077141733611278e-02
8.047379141069976871e-02
9.294025217333568012e-02
9.212960326536279165e-02
1.211053938584910616e-01
9.896721668709140829e-02
1.114864433198834437e-01
8.116334447131356988e-02
9.646134661928507104e-02
9.032345753426540558e-02
9.091509793864605005e-02
1.365465462066233204e-01
1.434713577311479415e-01
1.464064928675454791e-01
1.412172941878608867e-01
1.002328470602024124e-01
9.087742166021706147e-02
1.091077828946145356e-01
1.245917486452420286e-01
1.152090622143703280e-01
1.222586252624050518e-01
1.297787613934051620e-01
1.130228877799780429e-01
9.319298204157377974e-02
1.391314457233433499e-01
8.645558187837854014e-02
1.492709842312501811e-01
1.257564882347019797e-01
1.616730721591905784e-01
9.047464421663864442e-02
1.217816706051373377e-01
8.584739434483645848e-02
1.315338990844037159e-01
1.461947328390528211e-01
1.092288090650423982e-01
1.346832637503601049e-01
1.281414804798224338e-01
8.964252603815403564e-02
1.323085624770541369e-01
1.527679799154637585e-01
1.291080294485236202e-01
1.229910045395630203e-01
1.248383874020122519e-01
1.151910537752559582e-01
1.094163389703253220e-01
1.283817600537757730e-01
1.369038195783287559e-01
1.251855357808794311e-01
1.382334001803854351e-01
1.329490627611298326e-01
1.215534403655987861e-01
1.350537181184869873e-01
1.024708184489770968e-01
8.981306883055228951e-02
8.643252886911512167e-02
1.141238959343958692e-01
1.677953016312504486e-01
1.398806418826569198e-01
1.269085309495424641e-01
1.309241343941541791e-01
1.542425953280291973e-01
9.468674831787649016e-02
9.392066507325502744e-02
1.446160935603743036e-01
1.161260394703990118e-01
1.804259308985363131e-01
9.954896372863064613e-02
1.485451131370703060e-01
9.746368173208186381e-02
1.503645014925044654e-01
1.058095453198045766e-01
1.341930562035594798e-01
1.484087343274053117e-01
1.322689645532043601e-01
1.559938815109735977e-01
1.158411243676447100e-01
1.120486957676590789e-01
1.431353272109265884e-01
1.402183241662667834e-01
1.645556824621049463e-01
1.387208076370091137e-01
1.306126629758659341e-01
1.292459850091300932e-01
9.353053555744939018e-02
1.181976683339313050e-01
1.166572603145562548e-01
1.178721119001900908e-01
1.183373502147061496e-01
1.149735092151351612e-01
1.375189972821678763e-01
1.190784890036110655e-01
1.429864617088660861e-01
1.341717726693510970e-01
1.700050450508339139e-01
1.010832867152502423e-01
1.506679454001971230e-01
1.941306716632352769e-01
1.418766356112015625e-01
1.326383040346168496e-01
1.572337447451387371e-01
1.386817516374467818e-01
1.363341123136883049e-01
1.083799225249402198e-01
1.803664827174767948e-01
1.144746313553153261e-01
1.722045253268864595e-01
1.306993272934854344e-01
1.652786585104655259e-01
8.860263133046863970e-02
1.185710836298191628e-01
1.913556140147145701e-01
1.752374075972694678e-01
1.071961544035228142e-01
1.289974309888965998e-01
1.909692079950160437e-01
1.645691130213622344e-01
1.221665969924587980e-01
1.320540427252369087e-01
1.475888593159471185e-01
1.553953701479026117e-01
1.673277923223848163e-01
1.250184137405350171e-01
1.058375915041721571e-01
1.230518403293503482e-01
1.457131576433239317e-01
1.621005839541524995e-01
1.135368588054216366e-01
1.138600765047201868e-01
1.209879136111349229e-01
1.744061503104192834e-01
1.360512008134396877e-01
8.846100738919771000e-02
1.694617893561066735e-01
9.313589571835878544e-02
1.794497582255017987e-01
1.327469394773609368e-01
1.319323679185965270e-01
1.760222286793821089e-01
1.243197070621946398e-01
1.413300832340240731e-01
2.051550190429247689e-01
1.321895445740692843e-01
1.093527127883421324e-01
1.897380485989085264e-01
1.650435341630824837e-01
1.283573146003051946e-01
1.423841745474732079e-01
1.508650468490213559e-01
1.900009072306487745e-01
2.172284742467367469e-01
1.963659804015547294e-01
1.718652329698867609e-01
1.639175439524999112e-01
1.337707408153988586e-01
1.312446896185134326e-01
1.918422474339238626e-01
1.717646170332662869e-01
1.393576489601703328e-01
1.388801399299099959e-01
1.058410404838164842e-01
1.789227182392958415e-01
1.792683237702082932e-01
1.155081803469436563e-01
1.904682752684361269e-01
1.571347279031286570e-01
1.616002097703511664e-01
1.898586469742548077e-01
1.030623032238905390e-01
1.906997611317934327e-01
1.041419864202993706e-01
1.970070023583877505e-01
1.602643161585595166e-01
1.301379735863862352e-01
1.819211016832165129e-01
2.038703691131267259e-01
1.350622025452693498e-01
1.059640940323238745e-01
1.710350845497017325e-01
1.929908471620238597e-01
2.147229454225414447e-01
1.941018245466014092e-01
2.209967711233191690e-01
2.202752564318841699e-01
1.569546444437689425e-01
1.702937522849741203e-01
1.902025594294474153e-01
2.138726532192054552e-01
1.372393449438052970e-01
1.540506953665488066e-01
1.571366206940800758e-01
1.938925746236790371e-01
1.444406066691332757e-01
9.952399768862540963e-02
2.257285838966871516e-01
1.240959175889347899e-01
2.215170149837746294e-01
1.671467403925176454e-01
2.214941301836534926e-01
1.416685285893817259e-01
2.178960459732645072e-01
1.414450410160968952e-01
1.837595954888874283e-01
2.099498238510603132e-01
1.535654240070991605e-01
1.258002008692612472e-01
1.822625559463112443e-01
1.932628961652756994e-01
1.614406507087788878e-01
1.642557736716182548e-01
1.727671133841524043e-01
1.625418989050575469e-01
1.530492618801000404e-01
1.606763254358556381e-01
1.732441574969230125e-01
1.857277711904711248e-01
1.768571770474989258e-01
1.565396868325478197e-01
1.414537771753151540e-01
1.965109014842705282e-01
2.320112925353527977e-01
1.805419003858989013e-01
1.445845065468525092e-01
2.035269105691649427e-01
1.117590716916035953e-01
2.149957975404579447e-01
1.756113082448496066e-01
1.551136724297165204e-01
2.133120181560012041e-01
1.331739004109886437e-01
2.501320793872258141e-01
8.901426503472442686e-02
1.518685742072755085e-01
1.409664545647564271e-01
2.333792499221976069e-01
2.551810796356279720e-01
1.907582081282771513e-01
1.989611850164618723e-01
9.041025800752844344e-02
1.472875311034231860e-01
