7.890237623070017747e-02
8.594675495556325373e-02
8.346476427980142887e-02
1.069230483216184746e-01
1.258874782728481856e-01
1.667920114833252310e-01
1.554126852268937764e-01
1.550371517273684274e-01
1.251971350049868592e-01
8.719127822872585476e-02
7.803579686760764300e-02
7.081570570868256365e-02
9.644818673043786816e-02
1.004182069719359305e-01
1.022166470678884664e-01
1.078038073749777448e-01
9.032498509851116797e-02
1.053367047420826763e-01
1.198653306053046874e-01
1.522602949234510561e-01
1.708720546671779195e-01
1.549857378839049060e-01
1.249191255332934292e-01
8.126827924196022845e-02
6.296579676680724713e-02
5.918844778327925216e-02
8.257856139721464483e-02
1.137223612378112092e-01
1.249788126488763362e-01
1.240647770300699060e-01
1.128460641832654821e-01
1.079686352558320017e-01
1.107153997440826210e-01
1.272193438853873593e-01
1.425003535399218535e-01
1.374424788739314618e-01
1.206602060357437889e-01
8.917795795199934261e-02
7.747360229205957349e-02
7.141066411382546164e-02
7.539571635492148260e-02
1.071477061355790017e-01
1.162056865306290154e-01
1.145030140193693535e-01
1.022025138095656871e-01
1.031867460140197812e-01
1.131721497703486179e-01
1.243993378934170613e-01
1.470376348715662917e-01
1.497038662998741998e-01
1.291849939829151639e-01
9.385563428218157700e-02
6.885110101864200249e-02
6.299761977285611714e-02
6.325778426320050052e-02
9.441417880415781116e-02
1.126583456950790429e-01
1.186864937418836696e-01
1.066312715772612663e-01
1.063491240477394406e-01
1.112478607465452463e-01
1.162304749258723513e-01
1.358139017399231374e-01
1.452568150844447681e-01
1.340216204031317027e-01
9.522495048328838418e-02
7.819301752160046082e-02
7.368129166712777955e-02
7.084414300294228362e-02
8.901915531852011565e-02
1.054714165405052917e-01
1.069942570798467774e-01
9.495108463143642208e-02
8.799872967358457476e-02
9.275691680784892146e-02
9.874502330254497640e-02
1.176757875444779389e-01
1.402841585032911231e-01
1.382879877780575084e-01
1.215414309302946805e-01
9.956355063218624846e-02
9.072535835950790162e-02
8.498566165496834746e-02
9.148885439884280046e-02
1.072543906488966359e-01
1.013412840991572139e-01
8.927126311417299398e-02
7.724666441631666824e-02
7.570231136090577184e-02
8.432775590010266331e-02
9.953440001214675092e-02
1.243668441854033357e-01
1.321224315945277450e-01
1.248536872268785070e-01
1.114520360524603459e-01
1.049331952687568847e-01
1.014596190948856558e-01
1.047653486240383014e-01
1.144276233944061527e-01
1.135976488562429054e-01
9.675766244166950081e-02
7.650855385676380571e-02
6.959279007046925702e-02
6.947183654607447245e-02
7.619379476961596342e-02
8.996424239667277778e-02
1.066603684728689716e-01
1.097711206895589653e-01
1.054733274052778169e-01
1.022323268445249900e-01
1.066181543414699284e-01
1.123989177105082504e-01
1.289918751038334754e-01
1.342462281654049905e-01
1.225363983603032780e-01
1.001716791835208786e-01
8.529351753114600143e-02
7.839618969336537013e-02
7.240396742632848603e-02
8.969004246062073360e-02
9.497299450736729209e-02
9.149677935692102082e-02
7.961614387019744221e-02
7.829139733902379383e-02
8.519452811611294418e-02
9.926073726940665143e-02
1.113581083466195221e-01
1.261705153418825054e-01
1.259123853740958809e-01
1.109299657049770405e-01
1.049937521809238827e-01
1.030408502540770543e-01
1.003989231531378090e-01
1.041343492977443441e-01
1.134069018198173850e-01
1.077209908384895165e-01
8.995406245788417632e-02
7.755364527979846656e-02
7.147216890665852862e-02
7.338707787104103986e-02
7.969794524178774875e-02
9.225309793595493080e-02
9.650596096407038083e-02
9.253986523395740793e-02
8.990141447608113179e-02
9.595384044347432528e-02
9.894274268158997909e-02
1.122779474406911948e-01
1.271521160837782993e-01
1.270480264857002384e-01
1.213311622656817468e-01
1.101817084000537017e-01
9.812553626191378164e-02
9.398532304497964063e-02
9.352232625007361744e-02
9.524420425655510947e-02
9.351281469228600596e-02
8.420809792670080896e-02
7.534383114645171187e-02
7.248677992777852186e-02
7.400946187031587353e-02
7.833039955743470450e-02
8.914767299958814561e-02
1.023395733809135955e-01
9.825487992256931591e-02
9.603599420753605731e-02
9.618203986937634564e-02
9.911877165810434320e-02
1.050472568094139580e-01
1.111606981452658571e-01
1.428680421011438995e-01
1.112477641645971405e-01
1.056634132269013149e-01
9.960839682685773688e-02
9.605014505993136886e-02
9.468484714367098043e-02
9.699974998031379858e-02
9.938856688570141262e-02
9.035402048687801724e-02
7.906362644552711316e-02
7.681316080416056291e-02
7.727458739706627444e-02
9.105898982607296688e-02
9.993717858752571015e-02
1.018859508625690191e-01
9.969373381912682852e-02
9.082888183433779350e-02
9.061454569968208084e-02
9.542056431323009402e-02
9.730449397075024986e-02
1.019590870767971280e-01
1.101514509549450516e-01
1.112799465365157392e-01
1.009899016626556456e-01
1.331510505969136782e-01
9.785711905688632140e-02
9.485779140385541819e-02
9.584585069834394844e-02
1.012223365797491059e-01
9.526304638394533786e-02
8.614242709777719664e-02
8.033787590853103122e-02
7.774334144566497073e-02
7.768073845089951135e-02
8.547671983337590262e-02
9.310543181872532603e-02
9.437225034115537259e-02
9.265668493564249708e-02
8.707022644151107826e-02
8.829026862105615603e-02
9.368230650096154299e-02
9.585192246999529875e-02
1.051523056050218674e-01
1.076836519275012893e-01
1.049085297759798641e-01
1.011541731025211721e-01
1.029442986427464568e-01
1.020850582991059685e-01
1.033924153744661956e-01
1.060304998159685708e-01
1.045205388514095501e-01
1.005745807216789078e-01
8.995341244352561549e-02
8.708542184598078162e-02
1.095871082750062842e-01
1.058215932101147505e-01
8.679254487314891353e-02
8.909491893923104922e-02
8.329761521050860207e-02
7.714748118387670939e-02
7.602836647626165512e-02
7.843486837185398297e-02
8.269249038430293020e-02
8.609579381414889099e-02
9.078890079642620847e-02
8.947691576821215076e-02
9.010460929880781400e-02
9.231036586027296931e-02
9.728722999175998254e-02
1.000914644285959554e-01
1.033780852345458356e-01
1.067218591444930587e-01
1.036201823267488553e-01
1.006852059811235156e-01
9.825174403067782336e-02
9.661969345636012285e-02
9.471186756793326111e-02
9.605999873341519724e-02
9.665378238069821659e-02
9.245723596515309506e-02
8.565222111729720034e-02
8.351094133899805705e-02
