1.132170182138596548e-01
1.099595190823967616e-01
1.087243674132292170e-01
1.062235145812964188e-01
1.079006200300820506e-01
1.105659568571385476e-01
1.146087143383284213e-01
1.202957863417314366e-01
1.226806115391162466e-01
1.252151554015424884e-01
1.295720019959025748e-01
1.330843000761450234e-01
1.313916839352143873e-01
1.325704167715916482e-01
1.322765434579844523e-01
1.304044406264985856e-01
1.261420886516051443e-01
1.227222233108704597e-01
1.209489709568873916e-01
1.187483026951917653e-01
1.162146302483570981e-01
1.150484704684260340e-01
1.130933743822962745e-01
1.110898212710269561e-01
1.085484070891724606e-01
1.100135560280589564e-01
1.104348906856503776e-01
1.106942880543064778e-01
1.105361045607943238e-01
1.115572447274760792e-01
1.151697111791186723e-01
1.164815964339952492e-01
1.217637838762902769e-01
1.276790639679640238e-01
1.278217611486796024e-01
1.275345730148609302e-01
1.247785548637350139e-01
1.224630375128488158e-01
1.152838280791420589e-01
1.120467800776835388e-01
1.084550379747357685e-01
1.050634775077115002e-01
1.058068988558458212e-01
1.035051162263285196e-01
1.066974695288926966e-01
1.065074857505737826e-01
1.076694368930398715e-01
1.086443884528955905e-01
1.067476090034211733e-01
1.099122098274200043e-01
1.086198484533018593e-01
1.116804502689137113e-01
1.146344868834844322e-01
1.214045245611696799e-01
1.266035587288164566e-01
1.249554880845400451e-01
1.247076644300093573e-01
1.227554676048657756e-01
1.199996173928371546e-01
1.164135379890738342e-01
1.153486623592323568e-01
1.091777871478930573e-01
1.070056506812753216e-01
1.139141355503443531e-01
1.020041292192067628e-01
1.027142878287237160e-01
1.033010586685774168e-01
1.038011078413964006e-01
1.038049554845065225e-01
1.053592093390691709e-01
1.093312000001881445e-01
1.120779179244291157e-01
1.149091519170810649e-01
1.170084520813426954e-01
1.219117211997639005e-01
1.212931387297286889e-01
1.230869280514281794e-01
1.216299809835290624e-01
1.205149327498258316e-01
1.190049837337244787e-01
1.157309074355618028e-01
1.086967284166696635e-01
1.062231219466968080e-01
1.054429540085154438e-01
1.055067199117595278e-01
1.045256610118607821e-01
1.046779700215177966e-01
1.051728426518839798e-01
1.055418064056632410e-01
1.064806159812612396e-01
1.059660029265189207e-01
1.064276197423968950e-01
1.081199475798881871e-01
1.102863302700508585e-01
1.134644599350146388e-01
1.146610980111922862e-01
1.156460338890397122e-01
1.158730127204664617e-01
1.150048553990468125e-01
1.133358817488369086e-01
1.111815382298819710e-01
1.090986938966211905e-01
1.072993998906681679e-01
1.063082231872909400e-01
1.030676438807944795e-01
1.052734419216444506e-01
1.051035555904431540e-01
1.048935264056135575e-01
1.048724288694687923e-01
1.051814191676049282e-01
1.062837120925784751e-01
1.083416689486724760e-01
1.093014115022078458e-01
1.072201907984010605e-01
1.095043817820317011e-01
1.132653008419035601e-01
1.128558898070037841e-01
1.177607026382537780e-01
1.135105444277937359e-01
1.123682996951962387e-01
1.118387340928425067e-01
1.097277633006931152e-01
1.082459346548310108e-01
1.062483112928833684e-01
1.471920495682906838e-01
1.064373881462066240e-01
1.063819295823285049e-01
1.071213635068835046e-01
1.074379760217979429e-01
1.078548719689629287e-01
1.082415623167733987e-01
1.076649805784962721e-01
1.082950014687495965e-01
1.083232622307769288e-01
1.088921859789158120e-01
1.104376838835973151e-01
1.115665901314430997e-01
1.124886321595082173e-01
1.127319139202709319e-01
1.123327338286963517e-01
1.123892315628346461e-01
1.104706245726111424e-01
1.077753648356259975e-01
1.071365012339883238e-01
1.071690657963001447e-01
1.067656172614526167e-01
1.069815134602836171e-01
1.058658056804619996e-01
1.049554272639272590e-01
1.115931933073327498e-01
1.064116333227889122e-01
1.071141319853553542e-01
1.062718263674881092e-01
1.050438875538219907e-01
1.073075337949664920e-01
1.087403354097656871e-01
1.123458706350355385e-01
1.125149577678211665e-01
1.134505790306326034e-01
1.127540015681754992e-01
1.122931530369408737e-01
1.100422408185997014e-01
1.094358009486383621e-01
1.069918510627213548e-01
1.077915740663530908e-01
1.050713191513847899e-01
1.076424785106668836e-01
1.055268286414745571e-01
1.052004072285023240e-01
1.058280492376231230e-01
1.059267562304546662e-01
1.061950850850262862e-01
1.056763974733100353e-01
1.048278454822598738e-01
1.074037752667162948e-01
1.067978208064324086e-01
1.080247671337843940e-01
1.094043423114205993e-01
1.098248306355696924e-01
1.108035705502090629e-01
1.102685885557670442e-01
1.690466729992436967e-01
1.093308843183199430e-01
1.081248779982066921e-01
1.072279620720945070e-01
1.060289196863939409e-01
1.048139117015286503e-01
1.060785051917162436e-01
1.050363202908504157e-01
1.060876235688517077e-01
1.056181028163418745e-01
1.059048919808908140e-01
1.060555847386532857e-01
1.067998462531348780e-01
1.050167770799002032e-01
1.074260844041117213e-01
1.074897336829452321e-01
1.083305139804832118e-01
1.087945585067311427e-01
1.089272474475736496e-01
1.098415701277625223e-01
1.096140869005725049e-01
1.097890472388408645e-01
1.081937937848240772e-01
1.084320980687337732e-01
1.088163821762507810e-01
1.066112002181531793e-01
1.060542365087245864e-01
1.076026867002507492e-01
1.063312112101828522e-01
1.064576712367294453e-01
1.066977423302685191e-01
1.069598494759841367e-01
1.071582178627064064e-01
1.070608547729959836e-01
1.059058418324294593e-01
1.074566586811992464e-01
1.088039555238711209e-01
1.071467713546698786e-01
1.096684923416972879e-01
1.099797106718336526e-01
1.091061691391151944e-01
1.088667945661150327e-01
1.087912102111860957e-01
1.090489764867446087e-01
1.064137627635691752e-01
1.067136951486392649e-01
1.067575831244164108e-01
1.062332558122085491e-01
1.052648878668438481e-01
1.062426529200772851e-01
1.059085521395610741e-01
1.057981271821879510e-01
1.057334954293310814e-01
1.047009093347165409e-01
1.064351601263696656e-01
1.067671418073947720e-01
1.075063839185789183e-01
1.060471724753229150e-01
1.085614226434915564e-01
1.096614025281630322e-01
1.087332599820141077e-01
1.091588578405350285e-01
1.083705358145743425e-01
1.072781636157417173e-01
1.074433796729963309e-01
1.069283422153758378e-01
1.046757173912071792e-01
1.076775116857922043e-01
1.059250697416382891e-01
1.047778428983258125e-01
1.054147074596895051e-01
