2.228629132009964930e-01
2.230008932204053940e-01
2.246988946259467212e-01
2.236623543011025950e-01
2.236320162569170877e-01
2.219886449525590999e-01
2.199147537947563347e-01
2.176342793571418577e-01
2.136366080998874928e-01
2.107315861982167471e-01
2.050316093195502232e-01
2.013490967780787733e-01
1.942831386727601473e-01
1.898194735280607226e-01
1.816207019833094849e-01
1.753928224821179604e-01
1.678070796968098577e-01
1.619439412907436315e-01
1.526890972717699357e-01
1.471878644074948728e-01
1.384813618443878624e-01
1.334413502628248871e-01
1.262916658041824958e-01
1.216020783375583170e-01
1.169196087454925648e-01
1.121409353796655184e-01
1.102251717717511736e-01
1.051984302899001689e-01
1.055732708856004232e-01
1.014558228496498238e-01
1.029777818446098170e-01
1.043019763263709487e-01
1.036614425107711401e-01
1.087117192512073727e-01
1.095167562329483202e-01
1.172516077097289777e-01
1.210633269743501828e-01
1.249490611371095738e-01
1.342993358582508234e-01
1.387020724248603232e-01
1.454397533239217832e-01
1.548041284073315982e-01
1.583001983789533718e-01
1.641368326707588476e-01
1.716810571943426789e-01
1.723677922899352621e-01
1.730977597341819552e-01
1.758228207045083868e-01
1.714363045597427915e-01
1.655425387766529255e-01
1.635720430674887371e-01
1.605952412669843232e-01
1.513400106678824963e-01
1.432031689687943699e-01
1.380998513211167955e-01
1.323274745595389712e-01
1.258929999021689561e-01
1.233489297169135801e-01
1.237455875340899292e-01
1.231574890023475755e-01
1.220654301459501712e-01
1.237490321872235510e-01
1.304896184677056814e-01
1.381976044902535339e-01
1.446615174141554494e-01
1.508986302516749367e-01
1.570159034774379903e-01
1.604350179447495695e-01
1.628949133611531375e-01
1.642875183126577543e-01
1.654505477666001756e-01
1.638020582747490295e-01
1.592149310942522211e-01
1.522239254430608479e-01
1.428865243117005690e-01
1.363035389915976392e-01
1.323241137311661486e-01
1.283650232328356067e-01
1.252379937604323201e-01
1.291527534174813363e-01
1.356715929837887247e-01
1.389168361503296811e-01
1.444192211515653579e-01
1.546613056799508445e-01
1.581683110696372463e-01
1.582079284923286755e-01
1.598152202816959244e-01
1.574845041265456880e-01
1.510606080555558783e-01
1.457550569802112950e-01
1.418555413339007698e-01
1.411101490226307487e-01
1.379517132477143804e-01
1.385862003556402877e-01
1.443587177850456094e-01
1.431880011737501901e-01
1.484533672324767073e-01
1.565772880500433395e-01
1.580438350322918017e-01
1.673478120847339268e-01
1.638909529594942960e-01
1.512529003868547939e-01
1.466678963581549144e-01
1.384962265223214084e-01
1.425053669575190307e-01
1.442458231507222077e-01
1.405868732609978355e-01
1.448961778427745317e-01
1.619043765366329213e-01
1.606708182489889891e-01
1.595322021145311187e-01
1.589365115855105870e-01
1.593480320769098402e-01
1.457105624406269673e-01
1.418253626051292349e-01
1.502432110898974660e-01
1.375113457727502597e-01
1.523611564478076774e-01
1.582060620438722198e-01
1.559699859615713002e-01
1.698514106232541510e-01
1.513427150727605364e-01
1.633625277296965050e-01
1.413095808430243627e-01
1.513216648374197115e-01
1.415936356566936949e-01
1.535772411284339611e-01
1.530909477646552608e-01
1.643692571398173152e-01
1.595882495008569268e-01
1.642544715064939709e-01
1.472244489502815279e-01
1.580142331155295343e-01
1.370405228821013344e-01
1.585354476185011352e-01
1.530139699425824285e-01
1.586385318637820729e-01
1.712693329998710157e-01
1.551690218057063531e-01
1.529794768693735207e-01
1.562466645960638445e-01
1.469284357468825242e-01
1.460695965447310618e-01
1.740150182042536908e-01
1.629850400071154448e-01
1.552577735071506426e-01
1.586126051607565923e-01
1.569872872452919843e-01
1.595122649858534691e-01
1.497894859375279442e-01
1.544888783558662215e-01
1.615133053956930853e-01
1.654712791347863199e-01
1.694909636827531818e-01
1.639128281967551226e-01
1.516572736500599872e-01
1.553701872581721988e-01
1.563948695906495212e-01
1.556355944566019112e-01
1.575329272101044786e-01
1.487831436538559204e-01
1.411525804249964544e-01
1.497611116891139904e-01
1.585924654676427181e-01
1.571107405371889865e-01
1.543187931246050582e-01
1.529405913973997944e-01
1.517557621724703321e-01
1.525554155849009330e-01
1.689886803027050854e-01
1.826721445507709651e-01
1.741775427738745385e-01
1.578002851013449170e-01
1.516541934608505171e-01
1.606910765266045260e-01
1.730044722692165582e-01
1.741159539680703361e-01
1.587001352666891352e-01
1.474891313991506525e-01
1.651828154242738211e-01
1.791980519322712295e-01
1.621750840347937483e-01
1.507004764610719860e-01
1.645521954826297817e-01
1.563479275083420328e-01
1.659992618292712718e-01
1.804388846706592719e-01
1.545224506675559883e-01
1.689495537980001405e-01
1.558456938155189375e-01
1.670730573970715671e-01
1.668713576693288125e-01
1.633950520399852779e-01
1.664983265505135535e-01
1.719406138504721016e-01
1.693204953467862817e-01
1.742842834189799461e-01
1.555197372855307014e-01
1.783540718633032096e-01
1.668142730111840111e-01
1.767748166641431862e-01
1.798550821642335151e-01
1.577085649210838714e-01
1.709187750705285502e-01
1.842331327179831391e-01
1.632991072154572620e-01
1.623127779787078007e-01
1.828541033288448858e-01
1.831952118650076455e-01
1.673955065228485140e-01
1.623801343551333209e-01
1.705045413002949095e-01
1.816989252456951975e-01
1.821157543120665023e-01
1.847751050825486852e-01
1.792440510774504503e-01
1.668373367793669626e-01
1.643564806780317689e-01
1.637296588246185403e-01
1.655003942963977348e-01
1.729815943614271267e-01
1.732082239976988625e-01
1.654588384463281381e-01
1.774161266167229023e-01
1.766776759354770077e-01
1.799505651552905094e-01
1.933134420800204367e-01
1.803165586401960230e-01
1.665886713509127093e-01
1.530885853991179602e-01
1.707604435227360051e-01
1.949745965093135913e-01
1.798816644764343886e-01
1.604202628767995575e-01
1.649609147401994713e-01
2.024167210745037027e-01
1.645011491185869312e-01
1.698647322052624364e-01
1.825067412762024777e-01
1.702835988793196531e-01
1.827169128622523342e-01
1.723155660008662826e-01
1.764489320486373192e-01
1.841478805402192442e-01
1.654755954535115370e-01
1.883709970420700541e-01
1.750137998286090957e-01
1.794979818839633756e-01
1.879635864404183287e-01
1.648879371145934858e-01
1.952611349551005571e-01
1.686306556352349384e-01
1.736672038001434437e-01
2.007675783431696059e-01
1.608569440174363319e-01
1.792629459999505182e-01
1.889926385603567516e-01
1.914254591336580491e-01
1.733259534254749656e-01
1.673586196747177679e-01
1.749055190664268178e-01
1.840759012455939203e-01
1.992025606264932192e-01
2.026307370086699589e-01
1.992804119964091125e-01
1.893293401568679757e-01
1.721323662903488927e-01
1.874951457179829806e-01
1.799992102179667208e-01
1.992996733017403654e-01
1.897535252071262946e-01
2.025156454747693013e-01
2.060328027469938705e-01
1.852783495677077230e-01
1.791191906432231251e-01
1.584837136325053519e-01
1.635867960929744402e-01
2.000462178808763980e-01
1.961745849707732248e-01
1.672872197605081990e-01
1.803813755205248004e-01
1.982770064002798982e-01
1.760346744317172751e-01
1.772218220592134408e-01
2.050279524968380285e-01
1.566419190121787208e-01
1.873042980705075244e-01
1.822964256409149719e-01
1.945288290311050217e-01
1.796087517900740727e-01
1.916944798545470174e-01
1.853664165799050467e-01
2.186405215857756268e-01
1.685643406425175739e-01
1.926992324569850590e-01
1.781459792592735569e-01
1.654463160829184876e-01
2.098653326332464708e-01
2.130665389759048844e-01
1.741172330662502654e-01
1.779744945018455482e-01
2.105217336820519591e-01
2.087094032477075922e-01
1.862782643397905558e-01
1.720256598313982810e-01
1.667484860918954093e-01
1.546951654111550223e-01
1.618406861405106145e-01
1.721691056486889249e-01
1.603824790300679703e-01
1.676137399638931713e-01
1.652222277893866664e-01
1.553596788355452452e-01
1.727053790250081544e-01
1.771650237977000497e-01
2.073908275538322021e-01
2.076865578642250743e-01
1.842781664140678011e-01
1.752563585122709489e-01
1.993861317781410181e-01
2.350971326575196363e-01
1.875405058937764657e-01
1.806049852784037402e-01
2.118006899909127272e-01
1.667804281507193620e-01
2.090454958911284189e-01
2.035619689702241608e-01
2.004622528613175803e-01
2.013982229817443681e-01
1.756155353907515870e-01
2.149255586511638061e-01
2.000764693555899809e-01
1.755087497803560215e-01
2.138291258758220348e-01
1.846987966776044710e-01
1.877876518095148439e-01
2.173730950593047995e-01
2.040527322036855828e-01
1.761412712277106163e-01
1.784167913142206130e-01
2.220510085422761071e-01
2.352440514057587695e-01
2.001828054985206329e-01
1.998526408486783756e-01
1.804570454162315318e-01
1.772705171622609432e-01
1.937332033760472694e-01
1.713682561737179810e-01
1.970832671387461321e-01
1.848564051159963251e-01
2.131790778849594892e-01
2.093536621897877925e-01
2.263718542875492457e-01
1.895743891415365701e-01
1.805583508757769851e-01
1.694018802601023888e-01
2.383597308780041057e-01
1.891983705141736527e-01
1.773268645362785501e-01
2.142630665699860604e-01
1.925988041428948749e-01
1.961451210058613448e-01
2.157051835182840493e-01
1.905608462605784537e-01
2.449281510881591295e-01
1.697237121234792534e-01
2.309477033201555729e-01
1.949070107824691922e-01
1.775718780636551530e-01
2.430963826045254850e-01
2.020277214245209674e-01
1.839911022330705803e-01
2.181764810635757890e-01
2.296798564500428519e-01
2.022722117737284497e-01
1.745460287460088855e-01
1.995922432711585426e-01
2.323767960056438708e-01
2.389345008764569567e-01
2.504341753171792639e-01
2.510348876183099431e-01
2.338932018226838050e-01
2.407729786620321777e-01
2.251161139511380638e-01
2.282597992062044279e-01
2.131855679055675301e-01
1.880843443199963216e-01
1.812855904866492729e-01
2.075627586491131105e-01
2.581274977570647833e-01
2.251318203637648896e-01
1.853171378659663748e-01
2.472373512058361200e-01
2.143357378852843720e-01
2.001313063721902319e-01
2.343501327714009319e-01
1.687386888521599237e-01
2.422432345029222889e-01
1.561382596770711784e-01
2.409215827228593509e-01
2.009599447451785315e-01
2.223850107021608791e-01
2.490832529786649596e-01
1.889945019586055652e-01
2.024171438794617472e-01
2.346546508646452089e-01
2.201058117899328259e-01
2.007956748392151214e-01
1.905612841090652543e-01
2.031248115493129447e-01
2.381634001755769114e-01
2.500380170857464668e-01
2.277939471682922656e-01
2.297606842223473000e-01
2.598863675643184878e-01
2.252064640667812423e-01
2.199610729452072810e-01
2.097980658615647975e-01
1.682257372936923900e-01
2.206116266097336576e-01
2.523494072010448175e-01
2.241106718866697767e-01
1.888002760206796138e-01
2.082982904363641641e-01
2.505313432267233242e-01
1.603543456848181004e-01
2.740729019583533210e-01
1.810257587471525431e-01
2.743667833899477992e-01
1.718653159453754631e-01
2.637368215855075970e-01
1.770488900807085653e-01
2.444005923420810023e-01
2.577535097499512595e-01
1.549920165027016683e-01
2.424885319998694166e-01
2.774782798509974890e-01
2.016878471627725489e-01
1.957433679477909028e-01
2.047615483789254620e-01
1.799104066656935785e-01
2.325747330916464461e-01
2.515439330139120910e-01
2.336528828127161228e-01
2.176597746073610784e-01
2.032688113151147613e-01
2.194102666509714084e-01
1.934858329993159876e-01
2.106140755646944696e-01
2.243384499848363189e-01
2.484468547936543592e-01
1.941404393844755605e-01
2.043021798453314997e-01
2.951625945387292838e-01
2.075942835592171631e-01
2.514797517513392977e-01
2.623745780157158425e-01
2.170652922133425866e-01
2.466132335099308071e-01
2.513528719072227746e-01
2.189347970155055556e-01
2.687828445034241565e-01
2.087919873873302912e-01
2.464657793464887225e-01
3.011669655360396103e-01
2.467352961242165188e-01
1.767554315960201405e-01
1.659851949282405981e-01
2.023220817077157063e-01
2.468233667054388070e-01
2.853344370804188346e-01
2.909773113691206392e-01
2.732667946474564014e-01
2.567627500388137696e-01
2.555200507493710083e-01
2.433639370639575361e-01
1.929949752675650387e-01
1.930428670730022223e-01
2.782165760818808842e-01
2.574321229837542857e-01
1.566709600786124756e-01
2.582943290264918534e-01
2.703455835165280430e-01
1.900074906343013348e-01
3.124776108417263165e-01
1.573042508351628621e-01
2.889750394997920857e-01
1.991239735945194989e-01
2.653612391401101167e-01
2.509132098123600940e-01
1.974252953031297997e-01
2.638996782831357635e-01
2.748437293300296513e-01
2.205950994576455493e-01
2.102116150570317865e-01
1.762440380860693656e-01
2.575286728031701555e-01
2.410454966158647183e-01
2.575780756719312503e-01
2.687332743664322399e-01
