2.025616618685469605e-01
3.231600173233638573e-01
4.581430383337300460e-01
5.472952732570266487e-01
2.567736526076218606e-01
2.253704017365234513e-01
3.591053059020625771e-01
4.860002338268130107e-01
3.370729594723541611e-01
4.931557246441563569e-01
3.218626293924404802e-01
3.757560683715227556e-01
1.488202081484611972e-01
4.607744594538430993e-01
3.755972158852660669e-01
3.332784826919931165e-01
2.273442354886351380e-01
1.895431123322302014e-01
2.352091145552575036e-01
2.339969340271667031e-01
1.201598517645995345e-01
7.744485995183758575e-02
4.156286912611815154e-01
3.735337847424168300e-01
3.739191870185744060e-01
2.048436818528496239e-01
5.771334006801664973e-02
3.927431969573911275e-01
1.642562238684464049e-01
1.570684465424398990e-02
1.745841146607509664e-01
3.411529729891296103e-01
2.253183336810419268e-01
2.972599351113287547e-01
1.567525161462121064e-01
1.349143620711912295e-01
1.913000545280713061e-01
2.875330450803378346e-01
3.523479495629893155e-01
1.140318855450328517e-01
1.970536890215026649e-01
1.239375143350761599e-01
1.172551656263400854e-01
3.030379162574378116e-01
1.731782592549678812e-01
4.023506250463275702e-01
2.061075632828357485e-02
1.389041858982903443e-01
3.477874436047087015e-01
8.598665657667914353e-02
3.737868970256014167e-01
3.755003574755582108e-01
5.749017572674874899e-02
2.852390507315947232e-01
1.707410026883535714e-01
3.997160452410114528e-01
2.105684198769688376e-01
2.451031374382336425e-01
2.270946001973582762e-01
8.657911538904816684e-02
1.708205228828832967e-01
3.357922521971445917e-01
2.942923076969804486e-01
2.626222684919881090e-01
1.982488416520091778e-01
2.025374287033210319e-01
1.981501538936891738e-01
3.104622987164259440e-01
3.461374588494520177e-01
2.954153887832833281e-01
3.253728818471086637e-01
2.651094922285726074e-01
7.053858679950941735e-02
1.281832985327170382e-01
2.143615627571338056e-02
3.057526949447615383e-01
2.185024119399056053e-01
2.175343370887258265e-01
1.330236034577024773e-01
1.757771567068884266e-01
1.709981826442614761e-01
2.574787312108772763e-01
2.719441701926017529e-02
2.265965022625401337e-01
1.927258799003166434e-01
2.638692165682530177e-01
1.558878542455403027e-01
2.882890076354807096e-01
1.884637061622560505e-01
1.290905023434109067e-01
2.211837031921043417e-01
2.851193176342555757e-01
2.375011611849368043e-01
2.532039903712962614e-01
2.376892345588232924e-02
1.090565158461250794e-01
6.521908751827576456e-02
1.571631083709957855e-01
6.323174801455944127e-02
8.299385458036234731e-02
1.021261393959468355e-01
1.046940195454344469e-01
2.324305257466026120e-01
1.205241659112407104e-01
1.236290600419182040e-01
7.921629375546546115e-02
1.929848757883396715e-01
1.945744660073560617e-01
1.087222104383943622e-01
8.648393349630967286e-02
1.179703307549452296e-01
2.496620334056951496e-01
1.671398014534817289e-01
7.269725266794735408e-02
6.808224906787929687e-02
4.627630738969479296e-02
5.558421109675559801e-02
6.217627265869518638e-02
2.068986737536337994e-02
1.449747035775661441e-02
1.782679182829987052e-01
1.975729590671450042e-01
1.181035363414137951e-01
4.382880183618553804e-02
1.342765861228658597e-01
2.043387514188711451e-01
8.214079051784739516e-02
1.734656829385765597e-01
1.702362669355321767e-01
3.386235917472024681e-02
7.283688352327344351e-02
1.155826667517461104e-01
1.421915759000537127e-01
1.627555772989355276e-01
5.627954680884883487e-02
1.069381929520246688e-01
8.366911813101629569e-02
1.647303704310596473e-01
3.543086284683982790e-02
6.036970136372143969e-02
5.930231671127428328e-02
1.558561353086769241e-01
7.708904969404650753e-02
1.361883789425423208e-01
1.097045460185354093e-01
5.115119252756761270e-02
4.897806149150851773e-02
8.288160356936558060e-02
1.268655866469993176e-01
4.730729016200951875e-02
3.939184168641085559e-02
5.000109885867198845e-02
5.248150047923028083e-02
1.818247454281241016e-02
1.183356301354487883e-01
6.315472645280129083e-02
1.416274391144222156e-01
3.640362598019264428e-02
9.878698625270254663e-02
8.798687721835340980e-02
4.918834785502523843e-02
1.079437612154005022e-01
7.968812091804344799e-02
2.574725123153720485e-02
5.074615200057031039e-02
2.746545235545361230e-02
6.072762082936700168e-02
1.338548423105145879e-01
6.222086889511646568e-02
4.538559841794131966e-02
1.267802443720487116e-01
7.250678067155924555e-02
8.584202981641053665e-02
3.026057829029860091e-02
6.398469905810111324e-02
4.216005905380570962e-02
4.787250249836028093e-02
4.499590729305469328e-02
2.797257673613773310e-02
7.726388799939654106e-02
1.120372103199374081e-01
4.747735610085912494e-02
4.538583338608914719e-02
4.259387062806607727e-02
6.564394512007665217e-02
7.024168682723008761e-02
4.154692227789857917e-02
5.466618196187389422e-02
3.696651106740400650e-02
2.325059954488839509e-02
5.841227520689429298e-02
2.777091023131006420e-02
5.712635991765979693e-02
4.237917028801796437e-02
5.497279790228681851e-02
7.623473837871019843e-02
6.750412962477658763e-02
5.156223316017616298e-02
5.071075968022320524e-02
1.611389336469848388e-02
2.771721737085752757e-02
2.058372433075816854e-02
1.381799647073922443e-02
4.960609315276287568e-02
6.319789463064195978e-02
3.841775295148353031e-02
3.519419180936200764e-02
1.932577625731124460e-02
4.957055542348498545e-02
4.181663488689091324e-02
2.262528219367787585e-02
3.378086014768066914e-02
3.027420940998981624e-02
7.587660452438715897e-02
6.001487931474769333e-02
6.199677819439541882e-02
3.645464097301620576e-02
3.324316156191864380e-02
5.589125521115811956e-02
6.028138126536886077e-02
1.477067405631893315e-02
2.082298674744831324e-02
2.961102710883212197e-02
2.736954932128476958e-02
4.423700291542465024e-02
1.979180304566874327e-02
3.102162454200696473e-02
2.377005496485518066e-02
2.348929550701628344e-02
3.001473227937667687e-02
2.000746263271291348e-02
3.483214771469245186e-02
8.296244210888903403e-02
1.636138396011344032e-02
3.608014311658824802e-02
3.196204133608970821e-02
4.325516755488212350e-02
3.695473569246365830e-02
5.807164803965991773e-02
6.588441481554752066e-02
8.462202115673211900e-02
9.836226789892488220e-02
1.144249531169028167e-01
1.395433376392721803e-01
1.607968625681640562e-01
1.730778816278532029e-01
1.805644954774731081e-01
1.865452092022257258e-01
1.910548867086280245e-01
1.932059029829857888e-01
